0.0,0.0730369770954013,0.12340698292382915,0.16832038003070268,0.2100529828408545,0.11347401189714486,0.15854201365239412,0.18498241096181042,0.19950355968477362,0.09347157591125704,0.14295907124023738,0.16904689567647535,0.1850083156944185,0.08782091400069063,0.13406024549673698,0.15960472253882396,0.1766455560306884,0.09295511141356756,0.12583190451696674,0.14695054563643523,0.16265583090484367,0.0730369770954013,0.0,0.052504846130181866,0.09841453840054469,0.1395429374473201,0.07158289387941194,0.11548202338389832,0.14271092745398975,0.159111650973426,0.08888074900486806,0.12851859927648165,0.15192908078600292,0.16777792887159051,0.1160614691914422,0.1451205096804486,0.1652300098775397,0.1799325506918642,0.1412763099226714,0.16780637861508974,0.1868006750742592,0.2010432006268961,0.12340698292382915,0.052504846130181866,0.0,0.04592251245578059,0.08714207977803314,0.05990267045974859,0.08758103156255774,0.11145184982604862,0.1278028055400884,0.10230898114364376,0.12368573615932449,0.14106572670649745,0.1548253492819642,0.14245442575357492,0.15601267710749797,0.16967645016079744,0.18108179006447364,0.1751940609077334,0.19569947726109835,0.21189981719436254,0.22422921498451417,0.16832038003070268,0.09841453840054469,0.04592251245578059,0.0,0.0417974928143544,0.08136350906689534,0.08384330045532351,0.0987191111191969,0.11276495855759638,0.13045034963051344,0.1358091920948209,0.14587369141013964,0.15635053675459434,0.1747010302015167,0.1771297442131826,0.18495392714325562,0.19296254620005016,0.2105315490113169,0.2265601172300661,0.24033485886603562,0.2509314621018954,0.2100529828408545,0.1395429374473201,0.08714207977803314,0.0417974928143544,0.0,0.1183657059863506,0.10768898141183701,0.11318102976792994,0.12324368069351718,0.16758532181468722,0.1647143503255029,0.16952025604822205,0.17704492487517764,0.21266001144822547,0.20954631592340972,0.2137107609940551,0.21928499424551293,0.24942931064503987,0.26323317303750515,0.27563509244076667,0.28518855594945824,0.11347401189714486,0.07158289387941194,0.05990267045974859,0.08136350906689534,0.1183657059863506,0.0,0.046257174644994944,0.07362610514487743,0.08944279870919411,0.04939568939844249,0.06416116013528597,0.0838206764127329,0.09883844453336084,0.09450487063547389,0.0977265047760576,0.10987259619780987,0.12121490002622871,0.13177786350841494,0.14557486388263313,0.1590797967569695,0.16984240197708883,0.15854201365239412,0.11548202338389832,0.08758103156255774,0.08384330045532351,0.10768898141183701,0.046257174644994944,0.0,0.027464114472752595,0.04366964844667192,0.07875421597169847,0.05807347892262071,0.06262723151671504,0.07262944753801,0.12207923565419852,0.10542567664397186,0.10643160603449864,0.11168399264219885,0.16070242152488826,0.16611087426257198,0.17481482941340246,0.18223586252367382,0.18498241096181042,0.14271092745398975,0.11145184982604862,0.0987191111191969,0.11318102976792994,0.07362610514487743,0.027464114472752595,0.0,0.01659037286484919,0.1008769984358925,0.06802692444966066,0.06125125639711819,0.06517450790971023,0.14128007809109713,0.11616686322495602,0.11090271859185952,0.11197053167085634,0.17942327590913285,0.18055157686747847,0.18651438720412425,0.19193106478049649,0.19950355968477362,0.159111650973426,0.1278028055400884,0.11276495855759638,0.12324368069351718,0.08944279870919411,0.04366964844667192,0.01659037286484919,0.0,0.11284813574862802,0.0745579015716489,0.06186128119677216,0.061503458925029335,0.15094863207142892,0.12121504417318393,0.11238971300848824,0.11090627238901934,0.18844992629748436,0.1868825701721957,0.19109031496195758,0.19521931474284698,0.09347157591125704,0.08888074900486806,0.10230898114364376,0.13045034963051344,0.16758532181468722,0.04939568939844249,0.07875421597169847,0.1008769984358925,0.11284813574862802,0.0,0.049963347023444266,0.07615491889141447,0.09219984761759947,0.0455402220330413,0.05660380341763381,0.07669024961804306,0.09208221382828755,0.08370086568332072,0.09626551683081956,0.11048420003419161,0.12213352033191645,0.14295907124023738,0.12851859927648165,0.12368573615932449,0.1358091920948209,0.1647143503255029,0.06416116013528597,0.05807347892262071,0.06802692444966066,0.0745579015716489,0.049963347023444266,0.0,0.026195441091151392,0.042321140743843716,0.07850609737386818,0.048702090551906045,0.049519808448013805,0.05804686827067159,0.11490809505275322,0.11319855282182222,0.11907624365310442,0.12520116765405506,0.16904689567647535,0.15192908078600292,0.14106572670649745,0.14587369141013964,0.16952025604822205,0.0838206764127329,0.06262723151671504,0.06125125639711819,0.06186128119677216,0.07615491889141447,0.026195441091151392,0.0,0.016288462164562433,0.10134166015715738,0.06241068519677912,0.05109602515554535,0.05141672781751808,0.13561784780236347,0.12881869918909125,0.1308590322074874,0.13408030799461926,0.1850083156944185,0.16777792887159051,0.1548253492819642,0.15635053675459434,0.17704492487517764,0.09883844453336084,0.07262944753801,0.06517450790971023,0.061503458925029335,0.09219984761759947,0.042321140743843716,0.016288462164562433,0.0,0.11495381448049646,0.0724161357818308,0.055769867432609026,0.05084181082501365,0.1476759529270488,0.13794799518388795,0.1377142034768955,0.13916296977637677,0.08782091400069063,0.1160614691914422,0.14245442575357492,0.1747010302015167,0.21266001144822547,0.09450487063547389,0.12207923565419852,0.14128007809109713,0.15094863207142892,0.0455402220330413,0.07850609737386818,0.10134166015715738,0.11495381448049646,0.0,0.049392364979346196,0.0755542949394002,0.09262843125341545,0.03866514181878848,0.05337729295515548,0.07096681133955356,0.08504164467406568,0.13406024549673698,0.1451205096804486,0.15601267710749797,0.1771297442131826,0.20954631592340972,0.0977265047760576,0.10542567664397186,0.11616686322495602,0.12121504417318393,0.05660380341763381,0.048702090551906045,0.06241068519677912,0.0724161357818308,0.049392364979346196,0.0,0.026180307416845055,0.04330559374283555,0.07625192519170951,0.06642916869392072,0.07043892126464178,0.07682896810696069,0.15960472253882396,0.1652300098775397,0.16967645016079744,0.18495392714325562,0.2137107609940551,0.10987259619780987,0.10643160603449864,0.11090271859185952,0.11238971300848824,0.07669024961804306,0.049519808448013805,0.05109602515554535,0.055769867432609026,0.0755542949394002,0.026180307416845055,0.0,0.017157791229170372,0.09999691460646921,0.08422024575690208,0.08211873747363381,0.0836581491083874,0.1766455560306884,0.1799325506918642,0.18108179006447364,0.19296254620005016,0.21928499424551293,0.12121490002622871,0.11168399264219885,0.11197053167085634,0.11090627238901934,0.09208221382828755,0.05804686827067159,0.05141672781751808,0.05084181082501365,0.09262843125341545,0.04330559374283555,0.017157791229170372,0.0,0.11567588241398288,0.09718339353835133,0.09207060284828635,0.09090009808954043,0.09295511141356756,0.1412763099226714,0.1751940609077334,0.2105315490113169,0.24942931064503987,0.13177786350841494,0.16070242152488826,0.17942327590913285,0.18844992629748436,0.08370086568332072,0.11490809505275322,0.13561784780236347,0.1476759529270488,0.03866514181878848,0.07625192519170951,0.09999691460646921,0.11567588241398288,0.0,0.033778939921175914,0.05514033338486932,0.07116851764701858,0.12583190451696674,0.16780637861508974,0.19569947726109835,0.2265601172300661,0.26323317303750515,0.14557486388263313,0.16611087426257198,0.18055157686747847,0.1868825701721957,0.09626551683081956,0.11319855282182222,0.12881869918909125,0.13794799518388795,0.05337729295515548,0.06642916869392072,0.08422024575690208,0.09718339353835133,0.033778939921175914,0.0,0.021569965430794404,0.03771160415474161,0.14695054563643523,0.1868006750742592,0.21189981719436254,0.24033485886603562,0.27563509244076667,0.1590797967569695,0.17481482941340246,0.18651438720412425,0.19109031496195758,0.11048420003419161,0.11907624365310442,0.1308590322074874,0.1377142034768955,0.07096681133955356,0.07043892126464178,0.08211873747363381,0.09207060284828635,0.05514033338486932,0.021569965430794404,0.0,0.01615887136950787,0.16265583090484367,0.2010432006268961,0.22422921498451417,0.2509314621018954,0.28518855594945824,0.16984240197708883,0.18223586252367382,0.19193106478049649,0.19521931474284698,0.12213352033191645,0.12520116765405506,0.13408030799461926,0.13916296977637677,0.08504164467406568,0.07682896810696069,0.0836581491083874,0.09090009808954043,0.07116851764701858,0.03771160415474161,0.01615887136950787,0.0,A
0.0,0.07678280380871678,0.12631227662559866,0.1621347527130553,0.19681111587828534,0.13567769111145433,0.17339246216002407,0.18781690796702935,0.19421486241808478,0.11224274596297765,0.16364470810253526,0.18389330374624344,0.19230614778188593,0.09760083983530655,0.1474815630770961,0.17069228336428327,0.18344915457337818,0.09983816288976927,0.13498390276473332,0.15456065265904156,0.16838542411522886,0.07678280380871678,0.0,0.05172148248660376,0.08951370039985443,0.12350464560676418,0.07659083177993034,0.11744803141890559,0.13484434698064454,0.14355642723227702,0.0832404305135447,0.12706186958131283,0.147107300594232,0.15678788102402888,0.10688990918332231,0.1394424870936924,0.15845302594148641,0.16948528352689876,0.13897868976986633,0.16283912676905027,0.17683094935616311,0.18597165408731953,0.12631227662559866,0.05172148248660376,0.0,0.03811490216104651,0.07179101493273918,0.04440509776256603,0.07945930585559384,0.09770020945343583,0.10767688455332276,0.08108195962698038,0.10564997015129013,0.12254873398880514,0.13215568647781828,0.12409306208269585,0.13832948509161166,0.15146693151192223,0.15989210903935103,0.16683438596739436,0.18161463665951685,0.1907987088028108,0.19614218015666263,0.1621347527130553,0.08951370039985443,0.03811490216104651,0.0,0.034746153039396,0.04457847556620713,0.05864430310206314,0.07512112862021753,0.08542350980851089,0.09328479272033499,0.09795865125990737,0.10995178537443402,0.11860340676135282,0.14248406281532142,0.14329097813610914,0.15098489908686816,0.15680359981289668,0.18911582939988011,0.19751345960183742,0.20309594355966462,0.20560535761102858,0.19681111587828534,0.12350464560676418,0.07179101493273918,0.034746153039396,0.0,0.0732182784687637,0.0686150818396563,0.07958047366746512,0.08866431870022697,0.12176011867712577,0.11387826746936362,0.12060326198810768,0.12768436635533242,0.1720983529611775,0.1654528548627901,0.1690855636786279,0.17269561752219048,0.2198461249038318,0.22494527371503825,0.22838001357930152,0.22909501466303567,0.13567769111145433,0.07659083177993034,0.04440509776256603,0.04457847556620713,0.0732182784687637,0.0,0.04119243252118551,0.05929085018465104,0.06884289657170595,0.049093637174322975,0.06174452850596703,0.07888135879641119,0.08873107631635191,0.09907398093314261,0.1000551834843746,0.11015303915538958,0.11755760374851158,0.14668189417616925,0.1533734352414796,0.15892548237851079,0.16180371823477804,0.17339246216002407,0.11744803141890559,0.07945930585559384,0.05864430310206314,0.0686150818396563,0.04119243252118551,0.0,0.019219413071970615,0.029979128813027715,0.07028116872169161,0.045701295041602266,0.052801625816816036,0.06094634977049314,0.11834482236228946,0.09992240768998582,0.1009717453087664,0.10410673558404618,0.16683050724031734,0.16447579841682217,0.16475710967398197,0.16358660088448776,0.18781690796702935,0.13484434698064454,0.09770020945343583,0.07512112862021753,0.07958047366746512,0.05929085018465104,0.019219413071970615,0.0,0.011055601097414337,0.08078857946569601,0.04351722633690338,0.04247780806975189,0.048405711822537674,0.12539124278225505,0.09942793366348542,0.09617796144587351,0.09709189578329704,0.17300765100505075,0.16663760361626656,0.16451137553200346,0.1615137093283362,0.19421486241808478,0.14355642723227702,0.10767688455332276,0.08542350980851089,0.08866431870022697,0.06884289657170595,0.029979128813027715,0.011055601097414337,0.0,0.08575180196793694,0.04338310406326645,0.03727326047805406,0.04131248499775081,0.12779201581936353,0.09804321719020498,0.09249562154147652,0.09218460425690134,0.17455147820151512,0.1659721844844806,0.1625271392373494,0.15854782271905177,0.11224274596297765,0.0832404305135447,0.08108195962698038,0.09328479272033499,0.12176011867712577,0.049093637174322975,0.07028116872169161,0.08078857946569601,0.08575180196793694,0.0,0.05168030883100116,0.07241873696237908,0.08145228197642389,0.05050494921131689,0.05868217585135483,0.0757634304350846,0.08654718602556774,0.09886753656237476,0.10443499725498923,0.1111645240477407,0.11567052991266041,0.16364470810253526,0.12706186958131283,0.10564997015129013,0.09795865125990737,0.11387826746936362,0.06174452850596703,0.045701295041602266,0.04351722633690338,0.04338310406326645,0.05168030883100116,0.0,0.0211071866387489,0.0308485099478104,0.08672656969639524,0.05606621448648437,0.055294259257136366,0.059239853235045346,0.13269165242877304,0.12377600284413319,0.1214453101589399,0.11892899878427753,0.18389330374624344,0.147107300594232,0.12254873398880514,0.10995178537443402,0.12060326198810768,0.07888135879641119,0.052801625816816036,0.04247780806975189,0.03727326047805406,0.07241873696237908,0.0211071866387489,0.0,0.010187669641175828,0.10333334448564868,0.06458662424084563,0.055764840674153916,0.05502031799471565,0.14697828556646572,0.13351950535418813,0.12800674365110834,0.12290605845001723,0.19230614778188593,0.15678788102402888,0.13215568647781828,0.11860340676135282,0.12768436635533242,0.08873107631635191,0.06094634977049314,0.048405711822537674,0.04131248499775081,0.08145228197642389,0.0308485099478104,0.010187669641175828,0.0,0.10951182529839695,0.06758658089656604,0.05544121789776345,0.052460447883180196,0.15160505254373707,0.13589777852365162,0.1288666464628899,0.12256986814843611,0.09760083983530655,0.10688990918332231,0.12409306208269585,0.14248406281532142,0.1720983529611775,0.09907398093314261,0.11834482236228946,0.12539124278225505,0.12779201581936353,0.05050494921131689,0.08672656969639524,0.10333334448564868,0.10951182529839695,0.0,0.05137929871502673,0.07476473574323518,0.0875611515585476,0.04864588468169694,0.05797723986947086,0.0703717469826187,0.079990581609566,0.1474815630770961,0.1394424870936924,0.13832948509161166,0.14329097813610914,0.1654528548627901,0.1000551834843746,0.09992240768998582,0.09942793366348542,0.09804321719020498,0.05868217585135483,0.05606621448648437,0.06458662424084563,0.06758658089656604,0.05137929871502673,0.0,0.023421613057061617,0.03624287803674912,0.08587707507980417,0.069201688376595,0.06554166252981161,0.0640725527296996,0.17069228336428327,0.15845302594148641,0.15146693151192223,0.15098489908686816,0.1690855636786279,0.11015303915538958,0.1009717453087664,0.09617796144587351,0.09249562154147652,0.0757634304350846,0.055294259257136366,0.055764840674153916,0.05544121789776345,0.07476473574323518,0.023421613057061617,0.0,0.012823854596625004,0.10618005007430233,0.08376733846911018,0.07454364466568278,0.06794589158153691,0.18344915457337818,0.16948528352689876,0.15989210903935103,0.15680359981289668,0.17269561752219048,0.11755760374851158,0.10410673558404618,0.09709189578329704,0.09218460425690134,0.08654718602556774,0.059239853235045346,0.05502031799471565,0.052460447883180196,0.0875611515585476,0.03624287803674912,0.012823854596625004,0.0,0.11765592214039017,0.09307788425973963,0.0816760409404546,0.07294011502039731,0.09983816288976927,0.13897868976986633,0.16683438596739436,0.18911582939988011,0.2198461249038318,0.14668189417616925,0.16683050724031734,0.17300765100505075,0.17455147820151512,0.09886753656237476,0.13269165242877304,0.14697828556646572,0.15160505254373707,0.04864588468169694,0.08587707507980417,0.10618005007430233,0.11765592214039017,0.0,0.0375373161151998,0.058623250922081045,0.07422340538200552,0.13498390276473332,0.16283912676905027,0.18161463665951685,0.19751345960183742,0.22494527371503825,0.1533734352414796,0.16447579841682217,0.16663760361626656,0.1659721844844806,0.10443499725498923,0.12377600284413319,0.13351950535418813,0.13589777852365162,0.05797723986947086,0.069201688376595,0.08376733846911018,0.09307788425973963,0.0375373161151998,0.0,0.02118108537731486,0.03705125548337739,0.15456065265904156,0.17683094935616311,0.1907987088028108,0.20309594355966462,0.22838001357930152,0.15892548237851079,0.16475710967398197,0.16451137553200346,0.1625271392373494,0.1111645240477407,0.1214453101589399,0.12800674365110834,0.1288666464628899,0.0703717469826187,0.06554166252981161,0.07454364466568278,0.0816760409404546,0.058623250922081045,0.02118108537731486,0.0,0.016051469837616485,0.16838542411522886,0.18597165408731953,0.19614218015666263,0.20560535761102858,0.22909501466303567,0.16180371823477804,0.16358660088448776,0.1615137093283362,0.15854782271905177,0.11567052991266041,0.11892899878427753,0.12290605845001723,0.12256986814843611,0.079990581609566,0.0640725527296996,0.06794589158153691,0.07294011502039731,0.07422340538200552,0.03705125548337739,0.016051469837616485,0.0,A
0.0,0.07739451310733228,0.12806395418295688,0.16552031630159,0.1988088205974549,0.13957379424901606,0.17827531033845825,0.19220726879086858,0.19683938573981996,0.11669751770343709,0.17238417640259185,0.19383175403764183,0.2027598222402685,0.10091541019393563,0.15562069341588708,0.17714588532813477,0.1880333820555052,0.1001617027395987,0.1384398368061885,0.1561255014082406,0.16639684896904364,0.07739451310733228,0.0,0.052999266797055654,0.09203295896930155,0.12525090671180705,0.07540674999620534,0.1168967169100904,0.1334053855379785,0.14026863499993933,0.07847796450897788,0.12654695493254822,0.14767316670307884,0.15760563376721803,0.0996653403963683,0.13541386711826964,0.15305641663169128,0.16182569774429992,0.13184513274980475,0.15246257104368754,0.1638861094018431,0.16919957265414537,0.12806395418295688,0.052999266797055654,0.0,0.039169554564992194,0.07226345837577634,0.03632032673726711,0.072942250600592,0.09039947919351969,0.09881655018100353,0.07022105788956462,0.09640158266311796,0.11447443039571048,0.12431361509691068,0.11268372879970433,0.1257843095642294,0.13755321727579284,0.14353058800213758,0.1571373902192143,0.1642399086324418,0.1701208489567297,0.1714842070452184,0.16552031630159,0.09203295896930155,0.039169554564992194,0.0,0.03339127074173033,0.037870139489132204,0.04851843002100306,0.06444972552161125,0.07390713542402934,0.08391940704080961,0.08480159058123064,0.0972090803902146,0.10598116644335019,0.1321839014190009,0.12842716424247588,0.134298733696291,0.13741524435871486,0.18052116082668113,0.17890009056451425,0.18072821123884295,0.17925977087754158,0.1988088205974549,0.12525090671180705,0.07226345837577634,0.03339127074173033,0.0,0.06545337088488565,0.05288397989655831,0.06214298083189594,0.07098770206525516,0.10970799701004086,0.09398769836898876,0.09952954875529434,0.10630623853968116,0.15850770717160323,0.1447492174923941,0.14594607917296606,0.14660266080054196,0.20789124293243738,0.20129909437072255,0.20051002667926882,0.19718224526852865,0.13957379424901606,0.07540674999620534,0.03632032673726711,0.037870139489132204,0.06545337088488565,0.0,0.041998081986565364,0.05974376757137735,0.0681567868835356,0.046653382744894674,0.061013681552506825,0.07974542652180046,0.09007093213511023,0.0952393585434011,0.0951833859518752,0.10468280078347754,0.10997413214618126,0.14405310001244087,0.14263124463931715,0.14565279862423788,0.14532324711317876,0.17827531033845825,0.1168967169100904,0.072942250600592,0.04851843002100306,0.05288397989655831,0.041998081986565364,0.0,0.019250172175982384,0.029697455659955914,0.06943584388535726,0.04116251828154658,0.049748796368790475,0.058587383671598936,0.11561271498841418,0.09296955033559427,0.0932926653587734,0.09427628232793987,0.16524138336703637,0.1527073073948757,0.15020983679999067,0.14615632311287896,0.19220726879086858,0.1334053855379785,0.09039947919351969,0.06444972552161125,0.06214298083189594,0.05974376757137735,0.019250172175982384,0.0,0.01114391121411316,0.08006715929401605,0.03828780551360861,0.03770934438667786,0.04424152260386358,0.12261353316324285,0.0918097498011571,0.08776850001220335,0.08650876347471921,0.1712112187112479,0.15411291411099756,0.14913019989537976,0.14342865740763527,0.19683938573981996,0.14026863499993933,0.09881655018100353,0.07390713542402934,0.07098770206525516,0.0681567868835356,0.029697455659955914,0.01114391121411316,0.0,0.08380098203579454,0.037608469426403744,0.03170234847077222,0.036253746040955236,0.12364498958660167,0.08921795759572991,0.08307650032281705,0.08071131054529607,0.17124685401330178,0.15186101672475058,0.14559598456866468,0.13906581092243084,0.11669751770343709,0.07847796450897788,0.07022105788956462,0.08391940704080961,0.10970799701004086,0.046653382744894674,0.06943584388535726,0.08006715929401605,0.08380098203579454,0.0,0.05585483852724073,0.07779220481713225,0.08738491063492546,0.0490220789362242,0.05879508674095576,0.07532188021760043,0.08417176062199079,0.09857477534865303,0.09658233362518903,0.10144678185228208,0.10304930265604664,0.17238417640259185,0.12654695493254822,0.09640158266311796,0.08480159058123064,0.09398769836898876,0.061013681552506825,0.04116251828154658,0.03828780551360861,0.037608469426403744,0.05585483852724073,0.0,0.02248214437620184,0.03298423393782026,0.09011224638475226,0.05408712752728079,0.05221854938449265,0.05368374903056881,0.13717010285931916,0.11736194263729731,0.11237707357970216,0.1071926222008864,0.19383175403764183,0.14767316670307884,0.11447443039571048,0.0972090803902146,0.09952954875529434,0.07974542652180046,0.049748796368790475,0.03770934438667786,0.03170234847077222,0.07779220481713225,0.02248214437620184,0.0,0.010981612405232896,0.1083464902615591,0.06395425092051388,0.053921030537021984,0.050501002970029796,0.15309548060921654,0.12836724999455806,0.12014487685926163,0.1126875426703328,0.2027598222402685,0.15760563376721803,0.12431361509691068,0.10598116644335019,0.10630623853968116,0.09007093213511023,0.058587383671598936,0.04424152260386358,0.036253746040955236,0.08738491063492546,0.03298423393782026,0.010981612405232896,0.0,0.11539934827056404,0.06801260723444183,0.05481263463742963,0.04921789056172965,0.1586108433272449,0.13157516672291653,0.12183496006139126,0.11335009472658572,0.10091541019393563,0.0996653403963683,0.11268372879970433,0.1321839014190009,0.15850770717160323,0.0952393585434011,0.11561271498841418,0.12261353316324285,0.12364498958660167,0.0490220789362242,0.09011224638475226,0.1083464902615591,0.11539934827056404,0.0,0.056260060459858055,0.07808009966830357,0.08934894435162427,0.0498763427208858,0.05394301600775272,0.06563729453534217,0.07270594031208431,0.15562069341588708,0.13541386711826964,0.1257843095642294,0.12842716424247588,0.1447492174923941,0.0951833859518752,0.09296955033559427,0.0918097498011571,0.08921795759572991,0.05879508674095576,0.05408712752728079,0.06395425092051388,0.06801260723444183,0.056260060459858055,0.0,0.021992163686945353,0.03339359592007653,0.09271953177703783,0.06493625867207377,0.05885576052245398,0.05471388914001296,0.17714588532813477,0.15305641663169128,0.13755321727579284,0.134298733696291,0.14594607917296606,0.10468280078347754,0.0932926653587734,0.08776850001220335,0.08307650032281705,0.07532188021760043,0.05221854938449265,0.053921030537021984,0.05481263463742963,0.07808009966830357,0.021992163686945353,0.0,0.011474927376931957,0.11208566573147331,0.07930047947833563,0.06830299867768169,0.06012415165344223,0.1880333820555052,0.16182569774429992,0.14353058800213758,0.13741524435871486,0.14660266080054196,0.10997413214618126,0.09427628232793987,0.08650876347471921,0.08071131054529607,0.08417176062199079,0.05368374903056881,0.050501002970029796,0.04921789056172965,0.08934894435162427,0.03339359592007653,0.011474927376931957,0.0,0.12279946820777188,0.08859011083936899,0.07599257638513787,0.06643937203988466,0.1001617027395987,0.13184513274980475,0.1571373902192143,0.18052116082668113,0.20789124293243738,0.14405310001244087,0.16524138336703637,0.1712112187112479,0.17124685401330178,0.09857477534865303,0.13717010285931916,0.15309548060921654,0.1586108433272449,0.0498763427208858,0.09271953177703783,0.11208566573147331,0.12279946820777188,0.0,0.04366496803935666,0.06345695204010639,0.07631648286148,0.1384398368061885,0.15246257104368754,0.1642399086324418,0.17890009056451425,0.20129909437072255,0.14263124463931715,0.1527073073948757,0.15411291411099756,0.15186101672475058,0.09658233362518903,0.11736194263729731,0.12836724999455806,0.13157516672291653,0.05394301600775272,0.06493625867207377,0.07930047947833563,0.08859011083936899,0.04366496803935666,0.0,0.020067642746651293,0.03331704783941098,0.1561255014082406,0.1638861094018431,0.1701208489567297,0.18072821123884295,0.20051002667926882,0.14565279862423788,0.15020983679999067,0.14913019989537976,0.14559598456866468,0.10144678185228208,0.11237707357970216,0.12014487685926163,0.12183496006139126,0.06563729453534217,0.05885576052245398,0.06830299867768169,0.07599257638513787,0.06345695204010639,0.020067642746651293,0.0,0.013598669009295518,0.16639684896904364,0.16919957265414537,0.1714842070452184,0.17925977087754158,0.19718224526852865,0.14532324711317876,0.14615632311287896,0.14342865740763527,0.13906581092243084,0.10304930265604664,0.1071926222008864,0.1126875426703328,0.11335009472658572,0.07270594031208431,0.05471388914001296,0.06012415165344223,0.06643937203988466,0.07631648286148,0.03331704783941098,0.013598669009295518,0.0,A
0.0,0.07796585836888224,0.1306769176951386,0.1677318214799615,0.19479310345643674,0.14905084543215186,0.18554452734269422,0.1950986004753897,0.19547786614362514,0.12438750799015412,0.18096671245349435,0.19787210513812936,0.20249260153664062,0.10434582290949529,0.16191921829739161,0.18184640385323667,0.19056489635027193,0.09842294122005985,0.13922121053984562,0.15830402741039737,0.16893419434458554,0.07796585836888224,0.0,0.05512117109258454,0.0939267937568926,0.12146002641699513,0.08098105015717359,0.12130872415821858,0.13417643160029646,0.13729740858359604,0.07653134504344224,0.12831593909240935,0.1461836406778824,0.15238451834342015,0.09157636021274894,0.13027912040528586,0.14735155750555554,0.15421751108059853,0.12272804713453607,0.14223338577106148,0.15205460626167422,0.1556483866811785,0.1306769176951386,0.05512117109258454,0.0,0.039029299695982,0.0665613876361693,0.03485477244265963,0.0731324208520725,0.08796741367062358,0.0935644603196119,0.05975922359787516,0.0908264958505746,0.10736095229532659,0.11438109902264092,0.10040449142129235,0.11219559051136484,0.12381016653012847,0.1281252875318423,0.1466753134785835,0.14896588394158727,0.15052598855613275,0.1482879341364018,0.1677318214799615,0.0939267937568926,0.039029299695982,0.0,0.02763357245499582,0.030324300453404923,0.04468600683840684,0.05975878732980256,0.06773489174916057,0.0710327852251885,0.07328381379512051,0.08584700349915661,0.09288530698830884,0.11827451544278833,0.10963926060577117,0.11514037845376685,0.11671987348484184,0.1686325833242743,0.16036248618840288,0.15621836505566905,0.14997221813171796,0.19479310345643674,0.12146002641699513,0.0665613876361693,0.02763357245499582,0.0,0.05202771355470674,0.04109415187644296,0.05194706426355835,0.06092298511792526,0.09074921368331922,0.07454721096539178,0.08166188679319106,0.08783662361820718,0.13794731730789866,0.11827435752062475,0.11908452225155669,0.11844703925382945,0.18897792367530813,0.17514919458656938,0.16768525249055907,0.15908779370724285,0.14905084543215186,0.08098105015717359,0.03485477244265963,0.030324300453404923,0.05202771355470674,0.0,0.04238737310496281,0.05959674617203509,0.06747428432163304,0.04454734674720822,0.05948321036820804,0.07691172596832054,0.08524266222550218,0.09309611480461145,0.08856638021947005,0.09767748511479211,0.10135707876234816,0.14433651588725568,0.13709918250873432,0.13469598317691725,0.13006263889634845,0.18554452734269422,0.12130872415821858,0.0731324208520725,0.04468600683840684,0.04109415187644296,0.04238737310496281,0.0,0.020662940159139775,0.0328355849314664,0.06576104903226636,0.03426481360376143,0.04399112791556311,0.05223942934698264,0.11057416357225652,0.08083812306387249,0.08062522895739647,0.0803652548812439,0.16210714604500362,0.14240806379688636,0.13306085944338467,0.12371853085489283,0.1950986004753897,0.13417643160029646,0.08796741367062358,0.05975878732980256,0.05194706426355835,0.05959674617203509,0.020662940159139775,0.0,0.013379253441544326,0.0738742749739489,0.029952098005713017,0.03026607920264327,0.0359085802255089,0.11344052983011468,0.07569968817686573,0.07106467395545393,0.06866314386663643,0.16312724085543667,0.1386664270653477,0.1265474355560712,0.11536768233966371,0.19547786614362514,0.13729740858359604,0.0935644603196119,0.06773489174916057,0.06092298511792526,0.06747428432163304,0.0328355849314664,0.013379253441544326,0.0,0.07568203142522757,0.031951681545826886,0.02731082990733477,0.029369969249004528,0.11118652401297606,0.07130238148608511,0.06503816843963516,0.06174632775175743,0.1591560196043999,0.13281122156557063,0.11960584067409429,0.10774434911396921,0.12438750799015412,0.07653134504344224,0.05975922359787516,0.0710327852251885,0.09074921368331922,0.04454734674720822,0.06576104903226636,0.0738742749739489,0.07568203142522757,0.0,0.056932871765908256,0.07504248340641725,0.08133367783041244,0.048895551938505574,0.056576930546530624,0.07261195110002391,0.07961574223497493,0.10077486428526117,0.09359673910840996,0.09402891607986487,0.09243331282125034,0.18096671245349435,0.12831593909240935,0.0908264958505746,0.07328381379512051,0.07454721096539178,0.05948321036820804,0.03426481360376143,0.029952098005713017,0.031951681545826886,0.056932871765908256,0.0,0.01986576775576146,0.028970856894728232,0.09114283755874499,0.049114070375762285,0.04699230638488927,0.04733956568910658,0.14022298054449073,0.11412060386393881,0.10243172595490013,0.09215072632047047,0.19787210513812936,0.1461836406778824,0.10736095229532659,0.08584700349915661,0.08166188679319106,0.07691172596832054,0.04399112791556311,0.03026607920264327,0.02731082990733477,0.07504248340641725,0.01986576775576146,0.0,0.01033512081861515,0.10471103633643,0.05492051443732519,0.04500321981372349,0.04117780936899827,0.15117487116567874,0.120300450552857,0.10531612159842677,0.09269597271732308,0.20249260153664062,0.15238451834342015,0.11438109902264092,0.09288530698830884,0.08783662361820718,0.08524266222550218,0.05223942934698264,0.0359085802255089,0.029369969249004528,0.08133367783041244,0.028970856894728232,0.01033512081861515,0.0,0.1077733326843225,0.055847295484431465,0.04305570976248497,0.03735760285520936,0.1524252546487491,0.11953118481364541,0.10317996753865451,0.08962606478910361,0.10434582290949529,0.09157636021274894,0.10040449142129235,0.11827451544278833,0.13794731730789866,0.09309611480461145,0.11057416357225652,0.11344052983011468,0.11118652401297606,0.048895551938505574,0.09114283755874499,0.10471103633643,0.1077733326843225,0.0,0.05892965652924076,0.07899229433812904,0.08818966874261015,0.05218529107727132,0.05239446082981554,0.06275872559120103,0.06943757280008164,0.16191921829739161,0.13027912040528586,0.11219559051136484,0.10963926060577117,0.11827435752062475,0.08856638021947005,0.08083812306387249,0.07569968817686573,0.07130238148608511,0.056576930546530624,0.049114070375762285,0.05492051443732519,0.055847295484431465,0.05892965652924076,0.0,0.02051977906299135,0.030097325340954252,0.0990887670646432,0.06633488218212552,0.053920447520741675,0.04534154516293493,0.18184640385323667,0.14735155750555554,0.12381016653012847,0.11514037845376685,0.11908452225155669,0.09767748511479211,0.08062522895739647,0.07106467395545393,0.06503816843963516,0.07261195110002391,0.04699230638488927,0.04500321981372349,0.04305570976248497,0.07899229433812904,0.02051977906299135,0.0,0.009849604770149683,0.11658608851630184,0.07921752968339395,0.061968878592351985,0.04895899071428867,0.19056489635027193,0.15421751108059853,0.1281252875318423,0.11671987348484184,0.11844703925382945,0.10135707876234816,0.0803652548812439,0.06866314386663643,0.06174632775175743,0.07961574223497493,0.04733956568910658,0.04117780936899827,0.03735760285520936,0.08818966874261015,0.030097325340954252,0.009849604770149683,0.0,0.12540879862892565,0.08703352095003794,0.06851481050931627,0.0542925542256875,0.09842294122005985,0.12272804713453607,0.1466753134785835,0.1686325833242743,0.18897792367530813,0.14433651588725568,0.16210714604500362,0.16312724085543667,0.1591560196043999,0.10077486428526117,0.14022298054449073,0.15117487116567874,0.1524252546487491,0.05218529107727132,0.0990887670646432,0.11658608851630184,0.12540879862892565,0.0,0.04688211297783236,0.06966595360591941,0.08441011156579022,0.13922121053984562,0.14223338577106148,0.14896588394158727,0.16036248618840288,0.17514919458656938,0.13709918250873432,0.14240806379688636,0.1386664270653477,0.13281122156557063,0.09359673910840996,0.11412060386393881,0.120300450552857,0.11953118481364541,0.05239446082981554,0.06633488218212552,0.07921752968339395,0.08703352095003794,0.04688211297783236,0.0,0.02325002283358735,0.03903452339123708,0.15830402741039737,0.15205460626167422,0.15052598855613275,0.15621836505566905,0.16768525249055907,0.13469598317691725,0.13306085944338467,0.1265474355560712,0.11960584067409429,0.09402891607986487,0.10243172595490013,0.10531612159842677,0.10317996753865451,0.06275872559120103,0.053920447520741675,0.061968878592351985,0.06851481050931627,0.06966595360591941,0.02325002283358735,0.0,0.01632715240484632,0.16893419434458554,0.1556483866811785,0.1482879341364018,0.14997221813171796,0.15908779370724285,0.13006263889634845,0.12371853085489283,0.11536768233966371,0.10774434911396921,0.09243331282125034,0.09215072632047047,0.09269597271732308,0.08962606478910361,0.06943757280008164,0.04534154516293493,0.04895899071428867,0.0542925542256875,0.08441011156579022,0.03903452339123708,0.01632715240484632,0.0,A
