0.0,0.06625487279995274,0.15288421123122342,0.2161431088806772,0.26174500253389965,0.30107365681903614,0.44980171128199065,0.5307981707781844,0.6027219099513256,0.29382927152894117,0.45850934289478307,0.5616650153459073,0.650013808284266,0.26638479749600735,0.424242840207385,0.5236056908629623,0.6079253536172271,0.23332775760203522,0.35744785363928067,0.43961078285668675,0.5127934464176384,0.06625487279995274,0.0,0.09185554511560828,0.15814824396797064,0.20474575565010744,0.2525253120662302,0.40171414866649136,0.4830899696223772,0.5554448020577679,0.25214074768021594,0.4149285115192443,0.5173487069331498,0.6053504042685424,0.23323619750421548,0.38591385785268106,0.4833117236117197,0.5665850650550489,0.21315513396043925,0.3291073488870844,0.4084607250570781,0.47991173135724713,0.15288421123122342,0.09185554511560828,0.0,0.06735700737044811,0.11472925858009084,0.1674748160818178,0.3148396410978766,0.3960263877286932,0.4683908601405366,0.17540715037676563,0.3320212375330305,0.43293557885602957,0.5201759793980433,0.17114132260781234,0.3096021294984671,0.40339085446158424,0.48481430606042053,0.176174925808125,0.26894794412663986,0.34127748140790576,0.4087005215788352,0.2161431088806772,0.15814824396797064,0.06735700737044811,0.0,0.0478258423057649,0.10707783169970288,0.25001260123387925,0.33051979321228864,0.4026715048906971,0.12180354529263727,0.26895206549209755,0.36837515128419757,0.45504551287711636,0.13291025463806638,0.2509409654991359,0.34121376365458217,0.4212319966435465,0.16126434907929038,0.22452893941927302,0.2888354349824165,0.35230443111382764,0.26174500253389965,0.20474575565010744,0.11472925858009084,0.0478258423057649,0.0,0.0784110522545883,0.20849360225974756,0.28741835910001984,0.3590247752838609,0.09863255053231244,0.22857899597334633,0.3257476602666582,0.41164627793333575,0.1230549716213671,0.21427224646773135,0.3002783203681136,0.3788343141818476,0.16599336523693894,0.20078201797559284,0.25643271833959264,0.31594124794782186,0.30107365681903614,0.2525253120662302,0.1674748160818178,0.10707783169970288,0.0784110522545883,0.0,0.14976152734274886,0.2315863593167363,0.3040241377086596,0.048399612342325996,0.16749569313771692,0.26804847695967576,0.3551960058088876,0.10181642196112652,0.1576561218822353,0.24352514763278935,0.3221834337747322,0.1665678590016178,0.16505733415154852,0.2083983558107545,0.26235515250136315,0.44980171128199065,0.40171414866649136,0.3148396410978766,0.25001260123387925,0.20849360225974756,0.14976152734274886,0.0,0.08198956959874958,0.1544323283869467,0.16131943529133616,0.049112527794639226,0.12371027027173653,0.20774345091468902,0.20925556339053963,0.10283880088675891,0.12260372112549633,0.18457423523523747,0.27604456183785453,0.19441472693775794,0.16985520319516526,0.17834631612825624,0.5307981707781844,0.4830899696223772,0.3960263877286932,0.33051979321228864,0.28741835910001984,0.2315863593167363,0.08198956959874958,0.0,0.07250529476928401,0.23953161931093572,0.08291121909043075,0.053701875972269796,0.12775668049517755,0.2826385878018972,0.14355015086335046,0.09323985056914938,0.11786849790753438,0.34627349411698394,0.2461998827548673,0.19466788818680775,0.16915887665970908,0.6027219099513256,0.5554448020577679,0.4683908601405366,0.4026715048906971,0.3590247752838609,0.3040241377086596,0.1544323283869467,0.07250529476928401,0.0,0.31038899506744655,0.14834223444407263,0.05554587844545261,0.06117520940508955,0.35093432811041647,0.20195449695354975,0.11996359706539098,0.08546904883420657,0.41237721973029845,0.3037840937529658,0.23944925025225758,0.19274467355489702,0.29382927152894117,0.25214074768021594,0.17540715037676563,0.12180354529263727,0.09863255053231244,0.048399612342325996,0.16131943529133616,0.23953161931093572,0.31038899506744655,0.0,0.16472129100632288,0.2678577322330259,0.3562227259167169,0.057257644675018066,0.1366582862293482,0.2324417454501923,0.3154539486858949,0.12576041918115066,0.12084119637005895,0.1751961337658577,0.23727829801338274,0.45850934289478307,0.4149285115192443,0.3320212375330305,0.26895206549209755,0.22857899597334633,0.16749569313771692,0.049112527794639226,0.08291121909043075,0.14834223444407263,0.16472129100632288,0.0,0.10319040387759462,0.19151970274270316,0.20304379353526017,0.06447510353390304,0.08086087942502575,0.15488044054972133,0.2654034704487808,0.16601819475575483,0.12642674155608283,0.12979219910382467,0.5616650153459073,0.5173487069331498,0.43293557885602957,0.36837515128419757,0.3257476602666582,0.26804847695967576,0.12371027027173653,0.053701875972269796,0.05554587844545261,0.2678577322330259,0.10319040387759462,0.0,0.08838108154853794,0.30410485523951386,0.1501759454953863,0.0653297280476416,0.06476155877342911,0.3632637234194154,0.25091125449223034,0.18459645953372622,0.13965937094437905,0.650013808284266,0.6053504042685424,0.5201759793980433,0.45504551287711636,0.41164627793333575,0.3551960058088876,0.20774345091468902,0.12775668049517755,0.06117520940508955,0.3562227259167169,0.19151970274270316,0.08838108154853794,0.0,0.3917926403926226,0.2354408784656153,0.13949374609509016,0.06587244044142554,0.44944731846427305,0.33267678816243007,0.2587627162395256,0.1977697199711241,0.26638479749600735,0.23323619750421548,0.17114132260781234,0.13291025463806638,0.1230549716213671,0.10181642196112652,0.20925556339053963,0.2826385878018972,0.35093432811041647,0.057257644675018066,0.20304379353526017,0.30410485523951386,0.3917926403926226,0.0,0.1593370225313042,0.2594231511355991,0.34444800486960525,0.06926934978535156,0.10058868187870722,0.17603913992979384,0.24742245297193036,0.424242840207385,0.38591385785268106,0.3096021294984671,0.2509409654991359,0.21427224646773135,0.1576561218822353,0.10283880088675891,0.14355015086335046,0.20195449695354975,0.1366582862293482,0.06447510353390304,0.1501759454953863,0.2354408784656153,0.1593370225313042,0.0,0.1001450166682963,0.18520422744802403,0.21409806931070358,0.10338598178125245,0.06880903186794755,0.10493729695606117,0.5236056908629623,0.4833117236117197,0.40339085446158424,0.34121376365458217,0.3002783203681136,0.24352514763278935,0.12260372112549633,0.09323985056914938,0.11996359706539098,0.2324417454501923,0.08086087942502575,0.0653297280476416,0.13949374609509016,0.2594231511355991,0.1001450166682963,0.0,0.085160795785991,0.3127888026054891,0.19331503322930316,0.12097838826983452,0.07702181276918627,0.6079253536172271,0.5665850650550489,0.48481430606042053,0.4212319966435465,0.3788343141818476,0.3221834337747322,0.18457423523523747,0.11786849790753438,0.08546904883420657,0.3154539486858949,0.15488044054972133,0.06476155877342911,0.06587244044142554,0.34444800486960525,0.18520422744802403,0.085160795785991,0.0,0.3976022801831883,0.27605763774171116,0.1980102121313366,0.13308770606925358,0.23332775760203522,0.21315513396043925,0.176174925808125,0.16126434907929038,0.16599336523693894,0.1665678590016178,0.27604456183785453,0.34627349411698394,0.41237721973029845,0.12576041918115066,0.2654034704487808,0.3632637234194154,0.44944731846427305,0.06926934978535156,0.21409806931070358,0.3127888026054891,0.3976022801831883,0.0,0.127869125393459,0.21220834342530587,0.28744750143143055,0.35744785363928067,0.3291073488870844,0.26894794412663986,0.22452893941927302,0.20078201797559284,0.16505733415154852,0.19441472693775794,0.2461998827548673,0.3037840937529658,0.12084119637005895,0.16601819475575483,0.25091125449223034,0.33267678816243007,0.10058868187870722,0.10338598178125245,0.19331503322930316,0.27605763774171116,0.127869125393459,0.0,0.08448775871523562,0.16000135259003456,0.43961078285668675,0.4084607250570781,0.34127748140790576,0.2888354349824165,0.25643271833959264,0.2083983558107545,0.16985520319516526,0.19466788818680775,0.23944925025225758,0.1751961337658577,0.12642674155608283,0.18459645953372622,0.2587627162395256,0.17603913992979384,0.06880903186794755,0.12097838826983452,0.1980102121313366,0.21220834342530587,0.08448775871523562,0.0,0.0756092598674627,0.5127934464176384,0.47991173135724713,0.4087005215788352,0.35230443111382764,0.31594124794782186,0.26235515250136315,0.17834631612825624,0.16915887665970908,0.19274467355489702,0.23727829801338274,0.12979219910382467,0.13965937094437905,0.1977697199711241,0.24742245297193036,0.10493729695606117,0.07702181276918627,0.13308770606925358,0.28744750143143055,0.16000135259003456,0.0756092598674627,0.0,B
0.0,0.08288531646753876,0.16754997216837342,0.2157697154725659,0.2391870866197111,0.31506793048254855,0.4584849040229969,0.5482880571940896,0.6264346520191062,0.31351969328805995,0.4726227590445658,0.578015576446542,0.6692089063345562,0.2904629507348059,0.4401342395795848,0.5400554394544971,0.6271141291185782,0.2551005130817147,0.37309571928456536,0.45128075888110936,0.5245525516721228,0.08288531646753876,0.0,0.09065791429038979,0.15024611177997624,0.1836938160689733,0.2525382353204951,0.39695242993553137,0.4874287748171287,0.56633721365842,0.2591266094106918,0.41630285286845714,0.5212724142049329,0.6123996413819247,0.24566577582331978,0.3901339778353822,0.4884224590136464,0.5746656548352821,0.2247242911574778,0.3341208206652539,0.40951198934731164,0.4811957191772091,0.16754997216837342,0.09065791429038979,0.0,0.06967147795970113,0.11431584551895797,0.1685126834470136,0.3108983566336622,0.40102072582681636,0.4799485207221561,0.18147492816539007,0.3333183440103488,0.43707515691043675,0.527680871003106,0.17913420957869328,0.3124802626210253,0.4080595503955854,0.4929799147421753,0.17879252013378405,0.269292804961703,0.33922172249030436,0.40788348895545484,0.2157697154725659,0.15024611177997624,0.06967147795970113,0.0,0.04893477399549052,0.11558534915386659,0.25267999761743454,0.34131161510753094,0.41946269079000165,0.11957893624524257,0.2708948063723186,0.3745640108999733,0.46527262033967043,0.11518091860704943,0.2460236079369327,0.34216470299297946,0.4277423316874114,0.12459305382848383,0.20192512998601664,0.270805539290011,0.3396568960952119,0.2391870866197111,0.1836938160689733,0.11431584551895797,0.04893477399549052,0.0,0.11829745602601086,0.2393656217921542,0.3239470779736104,0.3999875430355013,0.1047899505441468,0.25039014992992603,0.35248285305667726,0.4425497225881973,0.08492940873838134,0.21721258846728866,0.3141353217775312,0.40042682510685196,0.0870705030068697,0.16161709816639663,0.2332979128162805,0.30431884456275415,0.31506793048254855,0.2525382353204951,0.1685126834470136,0.11558534915386659,0.11829745602601086,0.0,0.14542841454949074,0.23663080111371365,0.3158459965565896,0.046952038163221826,0.1687794053638719,0.27247890584438667,0.3630674348808474,0.09529457693365921,0.15996825360697786,0.24891723191241596,0.3313535062188321,0.15637935923267812,0.1609143008762932,0.205594786455726,0.2622457460150266,0.4584849040229969,0.39695242993553137,0.3108983566336622,0.25267999761743454,0.2393656217921542,0.14542841454949074,0.0,0.09132785036305506,0.17060688448168765,0.14868564815032237,0.04633265999215462,0.13113587785770145,0.2196189025296161,0.189749469974115,0.0939411662369143,0.12689746781368885,0.1964842402542364,0.25461289543473664,0.17728781761519255,0.15761073747881563,0.17291158919887956,0.5482880571940896,0.4874287748171287,0.40102072582681636,0.34131161510753094,0.3239470779736104,0.23663080111371365,0.09132785036305506,0.0,0.07932647137461311,0.23600020710796954,0.08269843309922736,0.05124817468783625,0.13051769543740355,0.2710416208261798,0.1376208056909281,0.08931746602175882,0.12097176051077142,0.33185887188324964,0.23411327308592103,0.18385258411343952,0.15944912365503258,0.6264346520191062,0.56633721365842,0.4799485207221561,0.41946269079000165,0.3999875430355013,0.3158459965565896,0.17060688448168765,0.07932647137461311,0.0,0.31335242987970474,0.15569705708615797,0.057549034651830235,0.05716515293462383,0.3452477779707967,0.20228022307972665,0.11881561864817358,0.0835954371507981,0.4032265879426047,0.29698172312590837,0.2337152988124895,0.18576647295424953,0.31351969328805995,0.2591266094106918,0.18147492816539007,0.11957893624524257,0.1047899505441468,0.046952038163221826,0.14868564815032237,0.23600020710796954,0.31335242987970474,0.0,0.1591300716381877,0.2646186356536226,0.35587988082760136,0.05274526652156098,0.13423157821264867,0.23104701277095172,0.3168656602369852,0.11909632736874848,0.11675506253366892,0.16956720239156398,0.23260702362996338,0.4726227590445658,0.41630285286845714,0.3333183440103488,0.2708948063723186,0.25039014992992603,0.1687794053638719,0.04633265999215462,0.08269843309922736,0.15569705708615797,0.1591300716381877,0.0,0.10559367395660847,0.1968573875273365,0.19044919539818833,0.06082047075517051,0.08523872076450989,0.16293366962697503,0.2508882535359945,0.15616018211673732,0.11999907761926733,0.12753081895001844,0.578015576446542,0.5212724142049329,0.43707515691043675,0.3745640108999733,0.35248285305667726,0.27247890584438667,0.13113587785770145,0.05124817468783625,0.057549034651830235,0.2646186356536226,0.10559367395660847,0.0,0.09129594347689012,0.2930976980465271,0.1470487016504381,0.06375957201765028,0.07043009005542693,0.349528979795461,0.24143167166468688,0.17781184455870158,0.13381015828217258,0.6692089063345562,0.6123996413819247,0.527680871003106,0.46527262033967043,0.4425497225881973,0.3630674348808474,0.2196189025296161,0.13051769543740355,0.05716515293462383,0.35587988082760136,0.1968573875273365,0.09129594347689012,0.0,0.3831803174703167,0.23475962323436259,0.13889922134569951,0.06531125319735494,0.4375536757221253,0.32507599795218367,0.254055196428791,0.19315812266796348,0.2904629507348059,0.24566577582331978,0.17913420957869328,0.11518091860704943,0.08492940873838134,0.09529457693365921,0.189749469974115,0.2710416208261798,0.3452477779707967,0.05274526652156098,0.19044919539818833,0.2930976980465271,0.3831803174703167,0.0,0.15026827825958425,0.25028243631563796,0.3374782381478184,0.06766437849942596,0.09423748287888122,0.16535083417548133,0.23643948762989958,0.4401342395795848,0.3901339778353822,0.3124802626210253,0.2460236079369327,0.21721258846728866,0.15996825360697786,0.0939411662369143,0.1376208056909281,0.20228022307972665,0.13423157821264867,0.06082047075517051,0.1470487016504381,0.23475962323436259,0.15026827825958425,0.0,0.1000365114826104,0.18721755542649987,0.2029853605389925,0.09756169909694344,0.06492616636051936,0.10273085035280068,0.5400554394544971,0.4884224590136464,0.4080595503955854,0.34216470299297946,0.3141353217775312,0.24891723191241596,0.12689746781368885,0.08931746602175882,0.11881561864817358,0.23104701277095172,0.08523872076450989,0.06375957201765028,0.13889922134569951,0.25028243631563796,0.1000365114826104,0.0,0.08724060224949196,0.3006475149707801,0.1863085779204317,0.11655865568402049,0.0717211504417106,0.6271141291185782,0.5746656548352821,0.4929799147421753,0.4277423316874114,0.40042682510685196,0.3313535062188321,0.1964842402542364,0.12097176051077142,0.0835954371507981,0.3168656602369852,0.16293366962697503,0.07043009005542693,0.06531125319735494,0.3374782381478184,0.18721755542649987,0.08724060224949196,0.0,0.3870224417581008,0.2705904166921631,0.19565134361019776,0.12999289990999893,0.2551005130817147,0.2247242911574778,0.17879252013378405,0.12459305382848383,0.0870705030068697,0.15637935923267812,0.25461289543473664,0.33185887188324964,0.4032265879426047,0.11909632736874848,0.2508882535359945,0.349528979795461,0.4375536757221253,0.06766437849942596,0.2029853605389925,0.3006475149707801,0.3870224417581008,0.0,0.12021803669797919,0.19951283505199152,0.27377173010703504,0.37309571928456536,0.3341208206652539,0.269292804961703,0.20192512998601664,0.16161709816639663,0.1609143008762932,0.17728781761519255,0.23411327308592103,0.29698172312590837,0.11675506253366892,0.15616018211673732,0.24143167166468688,0.32507599795218367,0.09423748287888122,0.09756169909694344,0.1863085779204317,0.2705904166921631,0.12021803669797919,0.0,0.07937157652881303,0.15378011209637168,0.45128075888110936,0.40951198934731164,0.33922172249030436,0.270805539290011,0.2332979128162805,0.205594786455726,0.15761073747881563,0.18385258411343952,0.2337152988124895,0.16956720239156398,0.11999907761926733,0.17781184455870158,0.254055196428791,0.16535083417548133,0.06492616636051936,0.11655865568402049,0.19565134361019776,0.19951283505199152,0.07937157652881303,0.0,0.07446105978952058,0.5245525516721228,0.4811957191772091,0.40788348895545484,0.3396568960952119,0.30431884456275415,0.2622457460150266,0.17291158919887956,0.15944912365503258,0.18576647295424953,0.23260702362996338,0.12753081895001844,0.13381015828217258,0.19315812266796348,0.23643948762989958,0.10273085035280068,0.0717211504417106,0.12999289990999893,0.27377173010703504,0.15378011209637168,0.07446105978952058,0.0,B
0.0,0.08874209596379416,0.18581068607350737,0.24440031788938196,0.2742457110668179,0.33896602768149575,0.4853638536905593,0.5775444957126293,0.6586682987112291,0.339356152816288,0.4993635509698278,0.610226272397998,0.7061302815667123,0.3163224429576391,0.46862179316206726,0.5718422510152777,0.6610867976344893,0.2806810526220596,0.3991395935757358,0.4816685797175539,0.558591357094092,0.08874209596379416,0.0,0.10572780764865297,0.17695837236806922,0.21629324339111441,0.2735040805984383,0.4201397908856882,0.5125752865799479,0.5941733639420862,0.2825594053128822,0.4396547998852364,0.5494394949978538,0.6448529877825991,0.26946043152310045,0.41560114620106353,0.5165294512770024,0.6045371561247987,0.24762307425104318,0.3571763748217537,0.436272918201709,0.5110724262420306,0.18581068607350737,0.10572780764865297,0.0,0.08116681981247194,0.13059714936828212,0.17376718726339505,0.31786123768918717,0.4097175964205306,0.49118198115138023,0.189179570444944,0.3402748626632299,0.4485096435366563,0.5432279545086364,0.18771054942140478,0.32163469451544563,0.41942030181271506,0.5058950728010226,0.18685991482807487,0.2764715607416527,0.34923673505935177,0.420484803808044,0.24440031788938196,0.17695837236806922,0.08116681981247194,0.0,0.05311266491267674,0.11309926077269235,0.2503579390138373,0.3404263228464683,0.42101096617694106,0.11745184989305119,0.267485016425266,0.37573093388869283,0.47070466992137505,0.11391311186486253,0.24407941680731057,0.3425663702689374,0.42989256628843625,0.12440057482911929,0.19793239547632802,0.2693084314371158,0.34083240967419565,0.2742457110668179,0.21629324339111441,0.13059714936828212,0.05311266491267674,0.0,0.11679170517400843,0.23393573479990834,0.3191673911761803,0.3973269723621572,0.10116401107630903,0.24283490283213793,0.34916442769588646,0.44345224663738564,0.08183107831971145,0.21051834561046798,0.30966476627114536,0.3977319569131457,0.08773193219831892,0.1529832230143928,0.22690623858853332,0.3007008842737705,0.33896602768149575,0.2735040805984383,0.17376718726339505,0.11309926077269235,0.11679170517400843,0.0,0.1479895742279063,0.24141350975965123,0.3233977933324581,0.049573119965609425,0.17102976353448343,0.27965983542076495,0.37463594742836326,0.09910150198699072,0.16434078355843784,0.255596219937207,0.33978518408277386,0.1589647985485008,0.1634616787372273,0.20980083246766879,0.2688047087245485,0.4853638536905593,0.4201397908856882,0.31786123768918717,0.2503579390138373,0.23393573479990834,0.1479895742279063,0.0,0.09357932033364828,0.17559268120101276,0.1512065864976338,0.04818679314780427,0.13565428799276769,0.22836355249560128,0.19407913649325217,0.09766496305942202,0.13116776576559847,0.20213638607637593,0.25856670496653594,0.18091906852253786,0.15900907132423903,0.17466649743893722,0.5775444957126293,0.5125752865799479,0.4097175964205306,0.3404263228464683,0.3191673911761803,0.24141350975965123,0.09357932033364828,0.0,0.0820538528538646,0.24054840798265867,0.08692954349740048,0.05359437259184852,0.13683930991283294,0.2771941044211316,0.14203812959794448,0.09217841027759884,0.12450025488414604,0.33780216972445704,0.23971299357628073,0.18550153327318541,0.15865137238405128,0.6586682987112291,0.5941733639420862,0.49118198115138023,0.42101096617694106,0.3973269723621572,0.3233977933324581,0.17559268120101276,0.0820538528538646,0.0,0.32063996311517523,0.1624164041639085,0.0591652572695237,0.06043192785757123,0.3540629313474602,0.2089147306027905,0.12249603869534931,0.08593207818313171,0.41194379198337305,0.3053865181513281,0.2376548782723012,0.18571874359086468,0.339356152816288,0.2825594053128822,0.189179570444944,0.11745184989305119,0.10116401107630903,0.049573119965609425,0.1512065864976338,0.24054840798265867,0.32063996311517523,0.0,0.1600484820697838,0.27105305135500757,0.36698465497145094,0.05439824309503144,0.13645749174498592,0.23639417138273838,0.3243200483348871,0.12004039684532734,0.1167822372192838,0.1720413405278665,0.2381218835955651,0.4993635509698278,0.4396547998852364,0.3402748626632299,0.267485016425266,0.24283490283213793,0.17102976353448343,0.04818679314780427,0.08692954349740048,0.1624164041639085,0.1600484820697838,0.0,0.1111255366492856,0.20703128323224532,0.19266375825325444,0.06143408936755587,0.08898685631013419,0.16905044955037718,0.25292548005850396,0.1576200195450755,0.11861967974295663,0.12754521259075513,0.610226272397998,0.5494394949978538,0.4485096435366563,0.37573093388869283,0.34916442769588646,0.27965983542076495,0.13565428799276769,0.05359437259184852,0.0591652572695237,0.27105305135500757,0.1111255366492856,0.0,0.09593828427188111,0.30085697331330746,0.15224816161072538,0.06562984753342595,0.0715373489719373,0.3572014207026168,0.24853036971210224,0.18013390575441213,0.13197643319010935,0.7061302815667123,0.6448529877825991,0.5432279545086364,0.47070466992137505,0.44345224663738564,0.37463594742836326,0.22836355249560128,0.13683930991283294,0.06043192785757123,0.36698465497145094,0.20703128323224532,0.09593828427188111,0.0,0.3957194104443393,0.2446971645485768,0.14537558976080425,0.06913200586058277,0.45015288967124634,0.33727950743106644,0.2615237287141946,0.19604976443005825,0.3163224429576391,0.26946043152310045,0.18771054942140478,0.11391311186486253,0.08183107831971145,0.09910150198699072,0.19407913649325217,0.2771941044211316,0.3540629313474602,0.05439824309503144,0.19266375825325444,0.30085697331330746,0.3957194104443393,0.0,0.15315259502187525,0.2566892884351156,0.3461628055022772,0.06708962070724361,0.09386447275806484,0.16907434647078512,0.24374824634893985,0.46862179316206726,0.41560114620106353,0.32163469451544563,0.24407941680731057,0.21051834561046798,0.16434078355843784,0.09766496305942202,0.14203812959794448,0.2089147306027905,0.13645749174498592,0.06143408936755587,0.15224816161072538,0.2446971645485768,0.15315259502187525,0.0,0.10357731581844318,0.1930188601183939,0.20573517519706794,0.09917426345240267,0.06309100909913597,0.10459049238655949,0.5718422510152777,0.5165294512770024,0.41942030181271506,0.3425663702689374,0.30966476627114536,0.255596219937207,0.13116776576559847,0.09217841027759884,0.12249603869534931,0.23639417138273838,0.08898685631013419,0.06562984753342595,0.14537558976080425,0.2566892884351156,0.10357731581844318,0.0,0.08949860712314335,0.3071279400587797,0.19218828962265147,0.11735248217074795,0.06810777712791884,0.6610867976344893,0.6045371561247987,0.5058950728010226,0.42989256628843625,0.3977319569131457,0.33978518408277386,0.20213638607637593,0.12450025488414604,0.08593207818313171,0.3243200483348871,0.16905044955037718,0.0715373489719373,0.06913200586058277,0.3461628055022772,0.1930188601183939,0.08949860712314335,0.0,0.3959274695542925,0.2790770891706124,0.19936260484850532,0.12907069728081996,0.2806810526220596,0.24762307425104318,0.18685991482807487,0.12440057482911929,0.08773193219831892,0.1589647985485008,0.25856670496653594,0.33780216972445704,0.41194379198337305,0.12004039684532734,0.25292548005850396,0.3572014207026168,0.45015288967124634,0.06708962070724361,0.20573517519706794,0.3071279400587797,0.3959274695542925,0.0,0.12062736519531493,0.2044107372386423,0.2824366202168405,0.3991395935757358,0.3571763748217537,0.2764715607416527,0.19793239547632802,0.1529832230143928,0.1634616787372273,0.18091906852253786,0.23971299357628073,0.3053865181513281,0.1167822372192838,0.1576200195450755,0.24853036971210224,0.33727950743106644,0.09386447275806484,0.09917426345240267,0.19218828962265147,0.2790770891706124,0.12062736519531493,0.0,0.08385936475861681,0.16202295054804586,0.4816685797175539,0.436272918201709,0.34923673505935177,0.2693084314371158,0.22690623858853332,0.20980083246766879,0.15900907132423903,0.18550153327318541,0.2376548782723012,0.1720413405278665,0.11861967974295663,0.18013390575441213,0.2615237287141946,0.16907434647078512,0.06309100909913597,0.11735248217074795,0.19936260484850532,0.2044107372386423,0.08385936475861681,0.0,0.07821142748290658,0.558591357094092,0.5110724262420306,0.420484803808044,0.34083240967419565,0.3007008842737705,0.2688047087245485,0.17466649743893722,0.15865137238405128,0.18571874359086468,0.2381218835955651,0.12754521259075513,0.13197643319010935,0.19604976443005825,0.24374824634893985,0.10459049238655949,0.06810777712791884,0.12907069728081996,0.2824366202168405,0.16202295054804586,0.07821142748290658,0.0,B
0.0,0.09711589998180371,0.2029321186387148,0.25303406958986885,0.2636493138968148,0.3536877556956119,0.5020510771015011,0.5941575468581362,0.675517666589198,0.35474816335551385,0.5191458730000684,0.6294194944558329,0.7253276390116831,0.33252732646309435,0.4868336773195217,0.5886545122949884,0.676942889077696,0.2956246301213952,0.4135995709870322,0.4932232405480885,0.5665836688353769,0.09711589998180371,0.0,0.11253120340915458,0.17583570777142996,0.1997958814237868,0.27529541670487523,0.42416420048315184,0.5167616849177593,0.5987263233122021,0.28465873324923263,0.4466468536044643,0.5560595685682844,0.6516032438426084,0.27228565488044054,0.421102504555664,0.5207590188414294,0.6078152102183273,0.2500373444734302,0.3596066562613323,0.43613043538789487,0.50766363491139,0.2029321186387148,0.11253120340915458,0.0,0.07723800640143665,0.12014036284900147,0.16795284315806622,0.31472439788412965,0.40695870120058203,0.488897579752374,0.18415624572485745,0.3402972293314843,0.44828324182153984,0.5431892060533496,0.18409501897021976,0.32059184982623895,0.4170769973661327,0.5025430148702181,0.184789670147146,0.2736451532354896,0.3438595398799595,0.41193932330883054,0.25303406958986885,0.17583570777142996,0.07723800640143665,0.0,0.051728701450927644,0.1128570818148874,0.25462522702984036,0.3452744458873082,0.42628707380434433,0.11571149671785945,0.27405026929190984,0.38258436623844405,0.47787104112559936,0.11019787506763179,0.24819347286713236,0.34633059458241233,0.43301813207453244,0.11829278542819248,0.19716506979389806,0.2676837534230604,0.336721231547176,0.2636493138968148,0.1997958814237868,0.12014036284900147,0.051728701450927644,0.0,0.13158975656165794,0.2577173200419447,0.3439278654149869,0.42241224094156476,0.11441704114787506,0.26836251320875193,0.375425641790692,0.46999183045419624,0.08708189456509678,0.23226326259132804,0.3318760375546696,0.41949090997278654,0.07406545671411041,0.16424645706129046,0.24002957949127388,0.31206597181786927,0.3536877556956119,0.27529541670487523,0.16795284315806622,0.1128570818148874,0.13158975656165794,0.0,0.14988355290095812,0.24328729294949195,0.3256574666220686,0.04834709979120067,0.17565247742143733,0.2839829602789084,0.37920895709069347,0.09610074592941982,0.16645685813055294,0.2572156158837974,0.340835888000159,0.1559593471424529,0.1614804176297872,0.20738477664233154,0.26459533587099066,0.5020510771015011,0.42416420048315184,0.31472439788412965,0.25462522702984036,0.2577173200419447,0.14988355290095812,0.0,0.0935869419004883,0.1760395592956285,0.1520258345408731,0.048821744039893394,0.1380092829238773,0.2311318275103815,0.19274863706450224,0.09603232902837561,0.13060359279481268,0.20136058604751855,0.25731461879626505,0.17957202498098576,0.15861378676125146,0.17355459946237048,0.5941575468581362,0.5167616849177593,0.40695870120058203,0.3452744458873082,0.3439278654149869,0.24328729294949195,0.0935869419004883,0.0,0.08248095540040098,0.24137484146712587,0.08354526411201517,0.05457641644781249,0.13936220781155306,0.2759793184087092,0.1392518569519242,0.09019177647802293,0.12298214925181555,0.3365565327646023,0.2387062083109857,0.1868561781117752,0.16172315212734142,0.675517666589198,0.5987263233122021,0.488897579752374,0.42628707380434433,0.42241224094156476,0.3256574666220686,0.1760395592956285,0.08248095540040098,0.0,0.32179321932868105,0.15920779165784898,0.05620136851688081,0.061695446666894804,0.3531448269381529,0.2061694388900802,0.12018374510134357,0.0830697580091939,0.41083900892885805,0.3046037659568394,0.23975418047817726,0.19126409550775483,0.35474816335551385,0.28465873324923263,0.18415624572485745,0.11571149671785945,0.11441704114787506,0.04834709979120067,0.1520258345408731,0.24137484146712587,0.32179321932868105,0.0,0.16440978698885572,0.2748186866379422,0.3708018372709353,0.052437933511674494,0.13919874409319008,0.23797627079977274,0.3250722328922118,0.11808491426547611,0.1154690950829572,0.1695648730504319,0.23308838695123124,0.5191458730000684,0.4466468536044643,0.3402972293314843,0.27405026929190984,0.26836251320875193,0.17565247742143733,0.048821744039893394,0.08354526411201517,0.15920779165784898,0.16440978698885572,0.0,0.1105819946846667,0.20657564073224435,0.1950602440153469,0.061423896505115885,0.0866484280634452,0.16574927072840065,0.2550780230343379,0.1592653974786923,0.12025811750329594,0.12596390730595786,0.6294194944558329,0.5560595685682844,0.44828324182153984,0.38258436623844405,0.375425641790692,0.2839829602789084,0.1380092829238773,0.05457641644781249,0.05620136851688081,0.2748186866379422,0.1105819946846667,0.0,0.09601022142542424,0.30281941082838404,0.15245878213656452,0.0661854161972918,0.0692399233800546,0.3589698792928081,0.25065491223628916,0.18503169720786025,0.13938742270884052,0.7253276390116831,0.6516032438426084,0.5431892060533496,0.47787104112559936,0.46999183045419624,0.37920895709069347,0.2311318275103815,0.13936220781155306,0.061695446666894804,0.3708018372709353,0.20657564073224435,0.09601022142542424,0.0,0.39765723143164755,0.24486916167029743,0.14656548304556682,0.07007282609628375,0.4517924054304309,0.33939530049414,0.26684601796729546,0.2056213305256129,0.33252732646309435,0.27228565488044054,0.18409501897021976,0.11019787506763179,0.08708189456509678,0.09610074592941982,0.19274863706450224,0.2759793184087092,0.3531448269381529,0.052437933511674494,0.1950602440153469,0.30281941082838404,0.39765723143164755,0.0,0.15487257321194908,0.2569411787266141,0.34541020551430257,0.06709918660076321,0.09287891160218546,0.16536914070297218,0.2365505326765762,0.4868336773195217,0.421102504555664,0.32059184982623895,0.24819347286713236,0.23226326259132804,0.16645685813055294,0.09603232902837561,0.1392518569519242,0.2061694388900802,0.13919874409319008,0.061423896505115885,0.15245878213656452,0.24486916167029743,0.15487257321194908,0.0,0.10217975142419006,0.19062225620983755,0.20726929056466456,0.10077237589453879,0.06336952865652168,0.09895985780480511,0.5886545122949884,0.5207590188414294,0.4170769973661327,0.34633059458241233,0.3318760375546696,0.2572156158837974,0.13060359279481268,0.09019177647802293,0.12018374510134357,0.23797627079977274,0.0866484280634452,0.0661854161972918,0.14656548304556682,0.2569411787266141,0.10217975142419006,0.0,0.08847186526879283,0.30722263963845947,0.19298712734967785,0.1214700467490155,0.07445719320179395,0.676942889077696,0.6078152102183273,0.5025430148702181,0.43301813207453244,0.41949090997278654,0.340835888000159,0.20136058604751855,0.12298214925181555,0.0830697580091939,0.3250722328922118,0.16574927072840065,0.0692399233800546,0.07007282609628375,0.34541020551430257,0.19062225620983755,0.08847186526879283,0.0,0.3949202336554781,0.2788225961631779,0.2026688248706148,0.1373048695798208,0.2956246301213952,0.2500373444734302,0.184789670147146,0.11829278542819248,0.07406545671411041,0.1559593471424529,0.25731461879626505,0.3365565327646023,0.41083900892885805,0.11808491426547611,0.2550780230343379,0.3589698792928081,0.4517924054304309,0.06709918660076321,0.20726929056466456,0.30722263963845947,0.3949202336554781,0.0,0.11964028666408184,0.20009590509027106,0.27405257217684276,0.4135995709870322,0.3596066562613323,0.2736451532354896,0.19716506979389806,0.16424645706129046,0.1614804176297872,0.17957202498098576,0.2387062083109857,0.3046037659568394,0.1154690950829572,0.1592653974786923,0.25065491223628916,0.33939530049414,0.09287891160218546,0.10077237589453879,0.19298712734967785,0.2788225961631779,0.11964028666408184,0.0,0.08048490573078676,0.1544914171718361,0.4932232405480885,0.43613043538789487,0.3438595398799595,0.2676837534230604,0.24002957949127388,0.20738477664233154,0.15861378676125146,0.1868561781117752,0.23975418047817726,0.1695648730504319,0.12025811750329594,0.18503169720786025,0.26684601796729546,0.16536914070297218,0.06336952865652168,0.1214700467490155,0.2026688248706148,0.20009590509027106,0.08048490573078676,0.0,0.07402440738543663,0.5665836688353769,0.50766363491139,0.41193932330883054,0.336721231547176,0.31206597181786927,0.26459533587099066,0.17355459946237048,0.16172315212734142,0.19126409550775483,0.23308838695123124,0.12596390730595786,0.13938742270884052,0.2056213305256129,0.2365505326765762,0.09895985780480511,0.07445719320179395,0.1373048695798208,0.27405257217684276,0.1544914171718361,0.07402440738543663,0.0,B
