0.0,0.06932936891749611,0.1580727569018406,0.2229517897645001,0.2762270156047628,0.22391523505558292,0.31473241970464544,0.3699776960113072,0.4085577589499688,0.22129257851399306,0.32339781965289754,0.37518260765779793,0.40718565281686514,0.19989514681671722,0.29843271903308555,0.3500006165310786,0.3845395618345843,0.1708563078942709,0.24495196563560812,0.2886082170109754,0.3213085083181816,0.06932936891749611,0.0,0.09404713351122218,0.1610857405532919,0.21484858037251206,0.17052978509161987,0.26277809629474574,0.3172696479408218,0.3544147047360494,0.17543917236436438,0.2776099974520255,0.32716965614102933,0.3565259131048052,0.16432677966289394,0.2589777338129048,0.3069289400309861,0.3378402513651022,0.15198298378955488,0.21779950770087037,0.2556049463468698,0.28377362203439294,0.1580727569018406,0.09404713351122218,0.0,0.06730426654937907,0.12121923749878317,0.0854149235047288,0.1755236488320822,0.22879305866843813,0.26480230837894697,0.10241992842455282,0.19702375214857776,0.2430916869717276,0.2698280735360038,0.11300392174327671,0.18871002544872445,0.22976450426024647,0.25587902420853936,0.1346355909443114,0.17246157536912174,0.19689713270370038,0.21656523628997884,0.2229517897645001,0.1610857405532919,0.06730426654937907,0.0,0.05415842348376013,0.04348175066201647,0.11494440242548509,0.16551845240498517,0.20013879584361288,0.07507018326507918,0.14353136948405687,0.18402871490406983,0.20772704544793458,0.10850703175562279,0.14765429221552198,0.178359594814,0.19863508175054728,0.15274040691454352,0.15934150897255572,0.16733504310059377,0.17644348033625135,0.2762270156047628,0.21484858037251206,0.12121923749878317,0.05415842348376013,0.0,0.06646321012813088,0.0772558417166252,0.11884165987555381,0.15002221526651238,0.09304296481808781,0.11399375849983281,0.1432544623473545,0.16142766648447948,0.13348559386484954,0.13275982493789903,0.14772007037412074,0.1590466170018022,0.18490988437193667,0.16908291831639874,0.16139003341384586,0.15850926993665532,0.22391523505558292,0.17052978509161987,0.0854149235047288,0.04348175066201647,0.06646321012813088,0.0,0.09310269910211781,0.1486751132525388,0.18722270643082975,0.03376166608152577,0.11270324041438104,0.1598929837265055,0.18896277084102725,0.07345635947073977,0.11068114976391674,0.147748561867959,0.1739504899214493,0.12506907504248918,0.1225392895961124,0.1303631905141741,0.1422086520294343,0.31473241970464544,0.26277809629474574,0.1755236488320822,0.11494440242548509,0.0772558417166252,0.09310269910211781,0.0,0.056301497233480394,0.0962303834411507,0.09565368074369823,0.04004885790363726,0.06985586486475236,0.09660931054694379,0.13109169611595836,0.07551899188094985,0.07472419705871364,0.08739396873765035,0.18546480294007178,0.14080442268608312,0.11441789391924294,0.09893741572271177,0.3699776960113072,0.3172696479408218,0.22879305866843813,0.16551845240498517,0.11884165987555381,0.1486751132525388,0.056301497233480394,0.0,0.04059014470323527,0.1505109285098797,0.06281425772841565,0.0354788130767131,0.043360449153517534,0.1823849242933874,0.10501404640162071,0.07021561031688839,0.05291957557417314,0.23419864736868737,0.17918099363130852,0.14172235715064013,0.11266699132650258,0.4085577589499688,0.3544147047360494,0.26480230837894697,0.20013879584361288,0.15002221526651238,0.18722270643082975,0.0962303834411507,0.04059014470323527,0.0,0.1902395964027387,0.10074090227150075,0.05677310516123764,0.02949373842714983,0.22142034781383793,0.14034477007222287,0.09677491583327455,0.06352321116301016,0.27202792360760925,0.21427435380610158,0.17381019873237244,0.14086793685014626,0.22129257851399306,0.17543917236436438,0.10241992842455282,0.07507018326507918,0.09304296481808781,0.03376166608152577,0.09565368074369823,0.1505109285098797,0.1902395964027387,0.0,0.10283719499640104,0.15427687949702454,0.1868114075475641,0.04350928917252918,0.08841320551049252,0.13366688817921366,0.16557573981209672,0.09890709939634788,0.08995252789443961,0.10185711336939234,0.11954640287908673,0.32339781965289754,0.2776099974520255,0.19702375214857776,0.14353136948405687,0.11399375849983281,0.11270324041438104,0.04004885790363726,0.06281425772841565,0.10074090227150075,0.10283719499640104,0.0,0.05314939427969304,0.08901920837982408,0.12824521032111771,0.04581807365993799,0.03994004168670111,0.0659844938276596,0.1785525973591623,0.12153755912725851,0.08673674787320934,0.06608644274001248,0.37518260765779793,0.32716965614102933,0.2430916869717276,0.18402871490406983,0.1432544623473545,0.1598929837265055,0.06985586486475236,0.0354788130767131,0.05677310516123764,0.15427687949702454,0.05314939427969304,0.0,0.037288673017089935,0.18008075603785417,0.08979241022210059,0.04325916769214591,0.02360221022456094,0.22874858359362027,0.16630667258217324,0.12405017183994906,0.09106946925924046,0.40718565281686514,0.3565259131048052,0.2698280735360038,0.20772704544793458,0.16142766648447948,0.18896277084102725,0.09660931054694379,0.043360449153517534,0.02949373842714983,0.1868114075475641,0.08901920837982408,0.037288673017089935,0.0,0.2140960656623916,0.12511331374047252,0.0758730374171587,0.038269247080389326,0.262673290897988,0.2000050975047739,0.15667536191831918,0.121579632115439,0.19989514681671722,0.16432677966289394,0.11300392174327671,0.10850703175562279,0.13348559386484954,0.07345635947073977,0.13109169611595836,0.1823849242933874,0.22142034781383793,0.04350928917252918,0.12824521032111771,0.18008075603785417,0.2140960656623916,0.0,0.09858450969403769,0.1508298133151693,0.18725886972927022,0.05626003139501554,0.06241884560495542,0.09374607354460099,0.12303458063092547,0.29843271903308555,0.2589777338129048,0.18871002544872445,0.14765429221552198,0.13275982493789903,0.11068114976391674,0.07551899188094985,0.10501404640162071,0.14034477007222287,0.08841320551049252,0.04581807365993799,0.08979241022210059,0.12511331374047252,0.09858450969403769,0.0,0.05367968142751521,0.09295745076138993,0.1416884279186313,0.07751833737781604,0.041841070137527026,0.03604303182755404,0.3500006165310786,0.3069289400309861,0.22976450426024647,0.178359594814,0.14772007037412074,0.147748561867959,0.07472419705871364,0.07021561031688839,0.09677491583327455,0.13366688817921366,0.03994004168670111,0.04325916769214591,0.0758730374171587,0.1508298133151693,0.05367968142751521,0.0,0.04044049689507632,0.19459924228304448,0.12724522053954956,0.08260088863413038,0.0485512071208195,0.3845395618345843,0.3378402513651022,0.25587902420853936,0.19863508175054728,0.1590466170018022,0.1739504899214493,0.08739396873765035,0.05291957557417314,0.06352321116301016,0.16557573981209672,0.0659844938276596,0.02360221022456094,0.038269247080389326,0.18725886972927022,0.09295745076138993,0.04044049689507632,0.0,0.23260428029941974,0.1661463734008029,0.12103862192420474,0.08481438989882957,0.1708563078942709,0.15198298378955488,0.1346355909443114,0.15274040691454352,0.18490988437193667,0.12506907504248918,0.18546480294007178,0.23419864736868737,0.27202792360760925,0.09890709939634788,0.1785525973591623,0.22874858359362027,0.262673290897988,0.05626003139501554,0.1416884279186313,0.19459924228304448,0.23260428029941974,0.0,0.07532287622556404,0.12169699130964393,0.15754206306539212,0.24495196563560812,0.21779950770087037,0.17246157536912174,0.15934150897255572,0.16908291831639874,0.1225392895961124,0.14080442268608312,0.17918099363130852,0.21427435380610158,0.08995252789443961,0.12153755912725851,0.16630667258217324,0.2000050975047739,0.06241884560495542,0.07751833737781604,0.12724522053954956,0.1661463734008029,0.07532287622556404,0.0,0.047740950797582934,0.08516262673849126,0.2886082170109754,0.2556049463468698,0.19689713270370038,0.16733504310059377,0.16139003341384586,0.1303631905141741,0.11441789391924294,0.14172235715064013,0.17381019873237244,0.10185711336939234,0.08673674787320934,0.12405017183994906,0.15667536191831918,0.09374607354460099,0.041841070137527026,0.08260088863413038,0.12103862192420474,0.12169699130964393,0.047740950797582934,0.0,0.03778117292249044,0.3213085083181816,0.28377362203439294,0.21656523628997884,0.17644348033625135,0.15850926993665532,0.1422086520294343,0.09893741572271177,0.11266699132650258,0.14086793685014626,0.11954640287908673,0.06608644274001248,0.09106946925924046,0.121579632115439,0.12303458063092547,0.03604303182755404,0.0485512071208195,0.08481438989882957,0.15754206306539212,0.08516262673849126,0.03778117292249044,0.0,C
0.0,0.057393483007598924,0.11127949312406808,0.14687137379622442,0.18654646643635056,0.24018546086479925,0.3389212182194966,0.3871796260745684,0.4180154261943571,0.23021335475399957,0.3419215286720928,0.38726244509769275,0.4100597639032264,0.19926454529416,0.30505896506734803,0.3521914182948671,0.38127447446187274,0.15820092384439394,0.24369105908600733,0.29347625554113976,0.3286303978475233,0.057393483007598924,0.0,0.05755242111195613,0.09103786672803658,0.13057731701151104,0.2139277384183812,0.31389560892076945,0.36009342886574885,0.3883073027119565,0.21042705737142123,0.3229545538992073,0.36493659391309113,0.38413759084440513,0.18713074093355198,0.2908909346250543,0.3340014925563077,0.3591447041465942,0.15710747860904967,0.2359611085210887,0.2814650747749092,0.3134186717358786,0.11127949312406808,0.05755242111195613,0.0,0.03970763611921055,0.08343756842919021,0.17537485059190636,0.2727850914171819,0.3162528985324573,0.3419912528952547,0.17762284350056756,0.28661775104404147,0.32478038774468737,0.3407035874849481,0.16334551037897682,0.25958368788340863,0.29787926636774703,0.31912730575764725,0.14887507825460733,0.21342851381482894,0.2525514353144775,0.2804597067821307,0.14687137379622442,0.09103786672803658,0.03970763611921055,0.0,0.04384636050484613,0.1838787338335991,0.27526936180588873,0.31475926145757366,0.33719717738019,0.19020176911535758,0.2926558181249603,0.3264094023868697,0.3387074799150175,0.181190888038602,0.26923517968499744,0.3029020451194754,0.32042255962205207,0.17202389395571266,0.22784862152586036,0.26245242623070575,0.287279858515675,0.18654646643635056,0.13057731701151104,0.08343756842919021,0.04384636050484613,0.0,0.20589711742389383,0.28869637394670417,0.32321751569312523,0.3416970316571606,0.21538891754055128,0.3091587443810925,0.3378479463167642,0.3461362581938715,0.2106289785339924,0.28945357397463867,0.31804293908850334,0.3315225731894686,0.20489065849963428,0.25275999669483207,0.2827288256887829,0.30426106216412413,0.24018546086479925,0.2139277384183812,0.17537485059190636,0.1838787338335991,0.20589711742389383,0.0,0.10152927464835221,0.15026886961084907,0.18150078943798462,0.035834887388274034,0.11791896568484558,0.15748399376514463,0.17704844255587385,0.0817648875301499,0.10750711680287929,0.13656007996566158,0.15575190930277172,0.1421873566640945,0.11784360965203405,0.12142830089704525,0.13288440888665312,0.3389212182194966,0.31389560892076945,0.2727850914171819,0.27526936180588873,0.28869637394670417,0.10152927464835221,0.0,0.05135066201863654,0.08641465473821794,0.11022274331469986,0.04352727219063647,0.06094345214349276,0.0787350853742894,0.15310919455167,0.08281892125041967,0.06570782168272998,0.06525419011538391,0.2168266468871758,0.15068103394669682,0.113486092361269,0.09118838485579393,0.3871796260745684,0.36009342886574885,0.3162528985324573,0.31475926145757366,0.32321751569312523,0.15026886961084907,0.05135066201863654,0.0,0.0364950901275038,0.15907658638003327,0.06877518752690084,0.03832102891752958,0.03230573678627802,0.1992300746001923,0.11598019299397111,0.07614781219896313,0.0478079753846383,0.26073566316987307,0.18836861729019333,0.14325519197948863,0.11052538067853002,0.4180154261943571,0.3883073027119565,0.3419912528952547,0.33719717738019,0.3416970316571606,0.18150078943798462,0.08641465473821794,0.0364950901275038,0.0,0.19235474978467174,0.10373208522301117,0.06327247804812718,0.03388215309747762,0.23219889357242834,0.1494813763872832,0.10601855960020551,0.07098386540384813,0.29244703836022873,0.22010612763738208,0.1740467240372688,0.13964290057110013,0.23021335475399957,0.21042705737142123,0.17762284350056756,0.19020176911535758,0.21538891754055128,0.035834887388274034,0.11022274331469986,0.15907658638003327,0.19235474978467174,0.0,0.11307305805263512,0.15782244236517284,0.1817423005409357,0.04955780831518951,0.08756815634404139,0.12719932431919348,0.15355941465640166,0.11384223848426074,0.08348608163235062,0.09468593081604212,0.11462611758160308,0.3419215286720928,0.3229545538992073,0.28661775104404147,0.2926558181249603,0.3091587443810925,0.11791896568484558,0.04352727219063647,0.06877518752690084,0.10373208522301117,0.11307305805263512,0.0,0.04976938907899082,0.08142508456399204,0.14638266189252672,0.051575945158227735,0.02875525398194802,0.04896331694146668,0.20701286541026775,0.1296751614658636,0.08414470675991967,0.05604338906582393,0.38726244509769275,0.36493659391309113,0.32478038774468737,0.3264094023868697,0.3378479463167642,0.15748399376514463,0.06094345214349276,0.03832102891752958,0.06327247804812718,0.15782244236517284,0.04976938907899082,0.0,0.03417126416010254,0.1920544327601353,0.09520967186067857,0.04721028687516971,0.01681173564608713,0.2513243742708043,0.17156990806464487,0.12138614168387094,0.08430240418976866,0.4100597639032264,0.38413759084440513,0.3407035874849481,0.3387074799150175,0.3461362581938715,0.17704844255587385,0.0787350853742894,0.03230573678627802,0.03388215309747762,0.1817423005409357,0.08142508456399204,0.03417126416010254,0.0,0.21773612753496335,0.1258228543063791,0.07801456231769874,0.04068072464133443,0.27670496461933913,0.1989157059775276,0.14947646393246394,0.11245458626440427,0.19926454529416,0.18713074093355198,0.16334551037897682,0.181190888038602,0.2106289785339924,0.0817648875301499,0.15310919455167,0.1992300746001923,0.23219889357242834,0.04955780831518951,0.14638266189252672,0.1920544327601353,0.21773612753496335,0.0,0.10608703777259902,0.15364115262390413,0.1849095100598264,0.06535006079567063,0.05793912786524234,0.09679161665228657,0.1297696397062103,0.30505896506734803,0.2908909346250543,0.25958368788340863,0.26923517968499744,0.28945357397463867,0.10750711680287929,0.08281892125041967,0.11598019299397111,0.1494813763872832,0.08756815634404139,0.051575945158227735,0.09520967186067857,0.1258228543063791,0.10608703777259902,0.0,0.05098985283496017,0.08742363833618423,0.16137209254460144,0.07946037078993862,0.035409688833027766,0.032211934724278746,0.3521914182948671,0.3340014925563077,0.29787926636774703,0.3029020451194754,0.31804293908850334,0.13656007996566158,0.06570782168272998,0.07614781219896313,0.10601855960020551,0.12719932431919348,0.02875525398194802,0.04721028687516971,0.07801456231769874,0.15364115262390413,0.05098985283496017,0.0,0.03790329733833283,0.20974888947484038,0.12659616384232647,0.07499074493498283,0.03792773537175629,0.38127447446187274,0.3591447041465942,0.31912730575764725,0.32042255962205207,0.3315225731894686,0.15575190930277172,0.06525419011538391,0.0478079753846383,0.07098386540384813,0.15355941465640166,0.04896331694146668,0.01681173564608713,0.04068072464133443,0.1849095100598264,0.08742363833618423,0.03790329733833283,0.0,0.2422543941454149,0.16119377477833577,0.11018469873974976,0.07230158889549587,0.15820092384439394,0.15710747860904967,0.14887507825460733,0.17202389395571266,0.20489065849963428,0.1421873566640945,0.2168266468871758,0.26073566316987307,0.29244703836022873,0.11384223848426074,0.20701286541026775,0.2513243742708043,0.27670496461933913,0.06535006079567063,0.16137209254460144,0.20974888947484038,0.2422543941454149,0.0,0.08870534653115279,0.14166289977962582,0.179819382670337,0.24369105908600733,0.2359611085210887,0.21342851381482894,0.22784862152586036,0.25275999669483207,0.11784360965203405,0.15068103394669682,0.18836861729019333,0.22010612763738208,0.08348608163235062,0.1296751614658636,0.17156990806464487,0.1989157059775276,0.05793912786524234,0.07946037078993862,0.12659616384232647,0.16119377477833577,0.08870534653115279,0.0,0.053970332816132754,0.09335978122284777,0.29347625554113976,0.2814650747749092,0.2525514353144775,0.26245242623070575,0.2827288256887829,0.12142830089704525,0.113486092361269,0.14325519197948863,0.1740467240372688,0.09468593081604212,0.08414470675991967,0.12138614168387094,0.14947646393246394,0.09679161665228657,0.035409688833027766,0.07499074493498283,0.11018469873974976,0.14166289977962582,0.053970332816132754,0.0,0.03969104675588266,0.3286303978475233,0.3134186717358786,0.2804597067821307,0.287279858515675,0.30426106216412413,0.13288440888665312,0.09118838485579393,0.11052538067853002,0.13964290057110013,0.11462611758160308,0.05604338906582393,0.08430240418976866,0.11245458626440427,0.1297696397062103,0.032211934724278746,0.03792773537175629,0.07230158889549587,0.179819382670337,0.09335978122284777,0.03969104675588266,0.0,C
0.0,0.06158322574667253,0.12834280186967484,0.1799753990903826,0.2352031949058714,0.24732477096753033,0.34829517998452303,0.3948752770787158,0.42148547110239404,0.23623742769225073,0.35510358048601026,0.3979347628192806,0.4134118631750429,0.20649114404660146,0.3180967575446421,0.36381869704521086,0.38830796912117116,0.1655860814679068,0.248172279582817,0.29915945769236807,0.33575431553073926,0.06158322574667253,0.0,0.06919089699210042,0.11881265815673116,0.1740381752363464,0.21833026844809097,0.3205248092570069,0.36492971511448435,0.3886458499621153,0.21396844924068575,0.3328496371400497,0.3724056460070264,0.3841121484274188,0.1922586246520373,0.30033094156334145,0.3422292225845812,0.36275427381071795,0.16292230610864378,0.23824517794313455,0.28453916357806647,0.31734322358346345,0.12834280186967484,0.06919089699210042,0.0,0.05605761724120463,0.11435355175686392,0.1788981410856865,0.2771165082044225,0.31786071965066387,0.3380849663364439,0.182515226629014,0.2949012614992297,0.3297468791949327,0.33721082027420085,0.17258793087312832,0.26854714525472745,0.3046246447194665,0.3202747470987109,0.16190729628524964,0.21956513086988466,0.25726893711648924,0.2842023779399424,0.1799753990903826,0.11881265815673116,0.05605761724120463,0.0,0.058323170084350937,0.19744731718424238,0.285944821327047,0.3209755595989081,0.33627469491485873,0.20753882029848175,0.3082469172438918,0.33702053747677296,0.339464324471724,0.20570244475739652,0.2877139767249032,0.3172995433394545,0.3276986816917892,0.2030464449423166,0.24864005025553243,0.2791349697306279,0.3007002796220501,0.2352031949058714,0.1740381752363464,0.11435355175686392,0.058323170084350937,0.0,0.23174746307656188,0.3078914696831861,0.3363040063811496,0.34624217668632906,0.24617463987837152,0.3335253795671224,0.3558294936664301,0.35332813313944555,0.2500311446644479,0.3185871051396195,0.3416013607227812,0.3468509180985374,0.25240940640553217,0.2884176048116674,0.3123409064833671,0.3287544178631443,0.24732477096753033,0.21833026844809097,0.1788981410856865,0.19744731718424238,0.23174746307656188,0.0,0.10430576858214406,0.1518854586299581,0.17932724269605294,0.036066252945555245,0.12288874487655412,0.16175060915236716,0.17495633524873086,0.08151918136201212,0.10862472357103667,0.13920999462996872,0.1551278096667048,0.14070347151821067,0.11706537006172019,0.12017831872444504,0.13128735794284357,0.34829517998452303,0.3205248092570069,0.2771165082044225,0.285944821327047,0.3078914696831861,0.10430576858214406,0.0,0.05047490757745197,0.08259962414229037,0.11326072917783024,0.040254366924096514,0.06205853541275859,0.07543135188078677,0.15402416160447624,0.07499781684364953,0.06088667766700022,0.06033214723277713,0.21603568067113532,0.1512111320757706,0.11173100227058493,0.08596159998875177,0.3948752770787158,0.36492971511448435,0.31786071965066387,0.3209755595989081,0.3363040063811496,0.1518854586299581,0.05047490757745197,0.0,0.03411611794905804,0.16079301264246457,0.061697560582788566,0.03530895267899651,0.029520127282495427,0.19867417996181416,0.10620176294132513,0.06772855967969979,0.040485308515148505,0.25827439450908474,0.18753657173661398,0.14046645192187948,0.10425175707342707,0.42148547110239404,0.3886458499621153,0.3380849663364439,0.33627469491485873,0.34624217668632906,0.17932724269605294,0.08259962414229037,0.03411611794905804,0.0,0.19029666107380977,0.09441313253979274,0.05746425062276186,0.0308369728130823,0.22789599860979856,0.1369649888126772,0.095542068595851,0.06301084276291244,0.2861607997159482,0.2157570948787555,0.16825276047701376,0.13092867947094902,0.23623742769225073,0.21396844924068575,0.182515226629014,0.20753882029848175,0.24617463987837152,0.036066252945555245,0.11326072917783024,0.16079301264246457,0.19029666107380977,0.0,0.12002832728517362,0.16302342041582515,0.18019719455131275,0.04843134562077414,0.0920287173428776,0.13224296812874872,0.15474447830304647,0.11118862343116036,0.08265841482951491,0.0941636948544481,0.11479909107518603,0.35510358048601026,0.3328496371400497,0.2949012614992297,0.3082469172438918,0.3335253795671224,0.12288874487655412,0.040254366924096514,0.061697560582788566,0.09441313253979274,0.12002832728517362,0.0,0.0476976223563892,0.07399713367711332,0.15193029692730226,0.04915247055578516,0.026017476293973142,0.043452844617017934,0.21072363762620414,0.13593837524603355,0.08810838102992173,0.05547870671209373,0.3979347628192806,0.3724056460070264,0.3297468791949327,0.33702053747677296,0.3558294936664301,0.16175060915236716,0.06205853541275859,0.03530895267899651,0.05746425062276186,0.16302342041582515,0.0476976223563892,0.0,0.03059410220418409,0.19518090794017737,0.09036942480110387,0.04334577899184216,0.01430914477396661,0.25233197037833893,0.1751336019571639,0.12329086293147255,0.08303355858614946,0.4134118631750429,0.3841121484274188,0.33721082027420085,0.339464324471724,0.35332813313944555,0.17495633524873086,0.07543135188078677,0.029520127282495427,0.0308369728130823,0.18019719455131275,0.07399713367711332,0.03059410220418409,0.0,0.21398166617363729,0.11496460302774782,0.06950100363285952,0.0354519586585772,0.2707956239520693,0.19577343418273166,0.14523183092981987,0.10564250507581086,0.20649114404660146,0.1922586246520373,0.17258793087312832,0.20570244475739652,0.2500311446644479,0.08151918136201212,0.15402416160447624,0.19867417996181416,0.22789599860979856,0.04843134562077414,0.15193029692730226,0.19518090794017737,0.21398166617363729,0.0,0.11176042364196674,0.1582605110545937,0.18520082107969035,0.06386548897782862,0.05628246439912316,0.0955705402868606,0.1298734664891617,0.3180967575446421,0.30033094156334145,0.26854714525472745,0.2877139767249032,0.3185871051396195,0.10862472357103667,0.07499781684364953,0.10620176294132513,0.1369649888126772,0.0920287173428776,0.04915247055578516,0.09036942480110387,0.11496460302774782,0.11176042364196674,0.0,0.04902939276323118,0.08102865938622765,0.16611593936026828,0.0877607536610056,0.04065882743513077,0.028615972273681775,0.36381869704521086,0.3422292225845812,0.3046246447194665,0.3172995433394545,0.3416013607227812,0.13920999462996872,0.06088667766700022,0.06772855967969979,0.095542068595851,0.13224296812874872,0.026017476293973142,0.04334577899184216,0.06950100363285952,0.1582605110545937,0.04902939276323118,0.0,0.03411173256877298,0.21307422326171568,0.13348499123178695,0.08073189496051791,0.040815842588533296,0.38830796912117116,0.36275427381071795,0.3202747470987109,0.3276986816917892,0.3468509180985374,0.1551278096667048,0.06033214723277713,0.040485308515148505,0.06301084276291244,0.15474447830304647,0.043452844617017934,0.01430914477396661,0.0354519586585772,0.18520082107969035,0.08102865938622765,0.03411173256877298,0.0,0.24122425453147564,0.16368495311925335,0.11179993454043846,0.07151423494045737,0.1655860814679068,0.16292230610864378,0.16190729628524964,0.2030464449423166,0.25240940640553217,0.14070347151821067,0.21603568067113532,0.25827439450908474,0.2861607997159482,0.11118862343116036,0.21072363762620414,0.25233197037833893,0.2707956239520693,0.06386548897782862,0.16611593936026828,0.21307422326171568,0.24122425453147564,0.0,0.08498031826255427,0.139017026150901,0.17895345527154793,0.248172279582817,0.23824517794313455,0.21956513086988466,0.24864005025553243,0.2884176048116674,0.11706537006172019,0.1512111320757706,0.18753657173661398,0.2157570948787555,0.08265841482951491,0.13593837524603355,0.1751336019571639,0.19577343418273166,0.05628246439912316,0.0877607536610056,0.13348499123178695,0.16368495311925335,0.08498031826255427,0.0,0.055003516434270726,0.09635832743039381,0.29915945769236807,0.28453916357806647,0.25726893711648924,0.2791349697306279,0.3123409064833671,0.12017831872444504,0.11173100227058493,0.14046645192187948,0.16825276047701376,0.0941636948544481,0.08810838102992173,0.12329086293147255,0.14523183092981987,0.0955705402868606,0.04065882743513077,0.08073189496051791,0.11179993454043846,0.139017026150901,0.055003516434270726,0.0,0.04181901237910527,0.33575431553073926,0.31734322358346345,0.2842023779399424,0.3007002796220501,0.3287544178631443,0.13128735794284357,0.08596159998875177,0.10425175707342707,0.13092867947094902,0.11479909107518603,0.05547870671209373,0.08303355858614946,0.10564250507581086,0.1298734664891617,0.028615972273681775,0.040815842588533296,0.07151423494045737,0.17895345527154793,0.09635832743039381,0.04181901237910527,0.0,C
0.0,0.0642987645484321,0.13232584843433523,0.18274987100319828,0.23776951141846608,0.26314066359466665,0.3626014434951503,0.4091702426117231,0.4332315516081055,0.249427363603897,0.36669079308052,0.4123636180349163,0.42673513837393195,0.21791887757159972,0.33024172762078163,0.37781662904736063,0.3989272041923846,0.17387217957102716,0.26420948991167054,0.3194423256383636,0.3543293127050143,0.0642987645484321,0.0,0.06984887510744114,0.11880351534687612,0.17403008123898261,0.23081499458269317,0.3311100749804138,0.3753318204142299,0.3962841400082873,0.22345674582069883,0.34028495049293056,0.38283149908084496,0.39354159355342233,0.19989640795586844,0.308456794860498,0.3520931716417314,0.36907966757454636,0.1677823241770581,0.24973245211408654,0.3000202901013774,0.33112517464010477,0.13232584843433523,0.06984887510744114,0.0,0.055000842249933866,0.11248918179585116,0.1918823992356668,0.2880619767448837,0.328420160069613,0.34566585035610936,0.19211889583310068,0.302239212661541,0.3401452585639705,0.3467248846645641,0.17995618754225848,0.2765165435335645,0.3142316304669173,0.326308171733978,0.16635110450630705,0.22941704512402117,0.2710704747312227,0.29666481739984585,0.18274987100319828,0.11880351534687612,0.055000842249933866,0.0,0.05749310436843971,0.2089907556982842,0.2961355364628048,0.33086804645899376,0.3432311103215353,0.2154694879365975,0.3143670836696816,0.3463807279797495,0.3482411719484075,0.21123063920196833,0.2942120134615594,0.3254687594384535,0.33249050935384133,0.20598721731950032,0.2559828351617327,0.2902011558184638,0.3107354983119164,0.23776951141846608,0.17403008123898261,0.11248918179585116,0.05749310436843971,0.0,0.23887066011208674,0.31411971081970574,0.342238993702236,0.349276688141085,0.25011249846057365,0.33560599785597156,0.36106546966787145,0.3581563139396529,0.2521539624798721,0.3211165250221102,0.34551057549176517,0.3474599492436926,0.25309151388242634,0.29164656248564075,0.31845922289964934,0.33380795713877165,0.26314066359466665,0.23081499458269317,0.1918823992356668,0.2089907556982842,0.23887066011208674,0.0,0.10253123924501963,0.150282268651758,0.17575137282827769,0.036230285557071744,0.1179593655328643,0.16040618106865834,0.17333653763929766,0.08315669402059372,0.10568649678798386,0.13753907142173574,0.1504809346457824,0.14461709535738695,0.11463115125612443,0.11958626038589096,0.13110216763777435,0.3626014434951503,0.3311100749804138,0.2880619767448837,0.2961355364628048,0.31411971081970574,0.10253123924501963,0.0,0.05076801048418793,0.08169646219524553,0.11445222132730072,0.038169922483498785,0.0627919447181163,0.0764047965760125,0.1565423432007325,0.0758540393136935,0.06136216808432274,0.05923294619730369,0.22045936111930076,0.14767429762589235,0.10596410362488184,0.0823620079763648,0.4091702426117231,0.3753318204142299,0.328420160069613,0.33086804645899376,0.342238993702236,0.150282268651758,0.05076801048418793,0.0,0.03356194647708065,0.16223880573636243,0.06257757482451375,0.03610319528167478,0.03163559376947481,0.20166047490809125,0.10810307142618322,0.06835296768971685,0.04164269735596784,0.2633165724664637,0.18449422623944697,0.13401461512018614,0.09918444439445992,0.4332315516081055,0.3962841400082873,0.34566585035610936,0.3432311103215353,0.349276688141085,0.17575137282827769,0.08169646219524553,0.03356194647708065,0.0,0.18981191244019444,0.09481932927777893,0.05824085527102568,0.03374377900854364,0.22903457032386462,0.1378316947108827,0.09546162056697724,0.0638505061806824,0.289375186986364,0.2113930245163806,0.16071341472933828,0.12479416397557143,0.249427363603897,0.22345674582069883,0.19211889583310068,0.2154694879365975,0.25011249846057365,0.036230285557071744,0.11445222132730072,0.16223880573636243,0.18981191244019444,0.0,0.118314142840492,0.16460905006532414,0.18109945173321793,0.04929855998316865,0.09129485136549502,0.13344906282788754,0.15299564068543303,0.1138315204264271,0.08092660816407486,0.09735053733500779,0.11876213063965603,0.36669079308052,0.34028495049293056,0.302239212661541,0.3143670836696816,0.33560599785597156,0.1179593655328643,0.038169922483498785,0.06257757482451375,0.09481932927777893,0.118314142840492,0.0,0.05025684760497421,0.07523061261586503,0.15203040946452376,0.04946379564270902,0.028493633275164826,0.04450645045876929,0.21294976073152544,0.13031329568448297,0.07995707361824805,0.05118717144080427,0.4123636180349163,0.38283149908084496,0.3401452585639705,0.3463807279797495,0.36106546966787145,0.16040618106865834,0.0627919447181163,0.03610319528167478,0.05824085527102568,0.16460905006532414,0.05025684760497421,0.0,0.030032062468778334,0.19816237661566555,0.0923836890902822,0.04352409619600764,0.01822383968224901,0.25722928643213294,0.17155967558035704,0.1156623266070591,0.07690179971504037,0.42673513837393195,0.39354159355342233,0.3467248846645641,0.3482411719484075,0.3581563139396529,0.17333653763929766,0.0764047965760125,0.03163559376947481,0.03374377900854364,0.18109945173321793,0.07523061261586503,0.030032062468778334,0.0,0.21599341486992776,0.11571716188073963,0.06826203270843204,0.035649600064717596,0.2745839335751272,0.191100907486968,0.13654783887949218,0.09810292974638746,0.21791887757159972,0.19989640795586844,0.17995618754225848,0.21123063920196833,0.2521539624798721,0.08315669402059372,0.1565423432007325,0.20166047490809125,0.22903457032386462,0.04929855998316865,0.15203040946452376,0.19816237661566555,0.21599341486992776,0.0,0.11239207528411733,0.16090642690415152,0.18485784100676952,0.06558651035245477,0.05862630010587233,0.10388564253805894,0.13728106904564968,0.33024172762078163,0.308456794860498,0.2765165435335645,0.2942120134615594,0.3211165250221102,0.10568649678798386,0.0758540393136935,0.10810307142618322,0.1378316947108827,0.09129485136549502,0.04946379564270902,0.0923836890902822,0.11571716188073963,0.11239207528411733,0.0,0.051007819604276264,0.08069738042989298,0.16869169643318574,0.08196504046825702,0.033307666969424686,0.03213295294525272,0.37781662904736063,0.3520931716417314,0.3142316304669173,0.3254687594384535,0.34551057549176517,0.13753907142173574,0.06136216808432274,0.06835296768971685,0.09546162056697724,0.13344906282788754,0.028493633275164826,0.04352409619600764,0.06826203270843204,0.16090642690415152,0.051007819604276264,0.0,0.03283709135575475,0.217594431397505,0.12951511355953227,0.07265433388899574,0.0345120945157981,0.3989272041923846,0.36907966757454636,0.326308171733978,0.33249050935384133,0.3474599492436926,0.1504809346457824,0.05923294619730369,0.04164269735596784,0.0638505061806824,0.15299564068543303,0.04450645045876929,0.01822383968224901,0.035649600064717596,0.18485784100676952,0.08069738042989298,0.03283709135575475,0.0,0.24275582008048743,0.15719598252625333,0.10170177020408316,0.06312978964939933,0.17387217957102716,0.1677823241770581,0.16635110450630705,0.20598721731950032,0.25309151388242634,0.14461709535738695,0.22045936111930076,0.2633165724664637,0.289375186986364,0.1138315204264271,0.21294976073152544,0.25722928643213294,0.2745839335751272,0.06558651035245477,0.16869169643318574,0.217594431397505,0.24275582008048743,0.0,0.09287030774919619,0.15112488538007612,0.18922177144502914,0.26420948991167054,0.24973245211408654,0.22941704512402117,0.2559828351617327,0.29164656248564075,0.11463115125612443,0.14767429762589235,0.18449422623944697,0.2113930245163806,0.08092660816407486,0.13031329568448297,0.17155967558035704,0.191100907486968,0.05862630010587233,0.08196504046825702,0.12951511355953227,0.15719598252625333,0.09287030774919619,0.0,0.05914024988082751,0.09867239161966257,0.3194423256383636,0.3000202901013774,0.2710704747312227,0.2902011558184638,0.31845922289964934,0.11958626038589096,0.10596410362488184,0.13401461512018614,0.16071341472933828,0.09735053733500779,0.07995707361824805,0.1156623266070591,0.13654783887949218,0.10388564253805894,0.033307666969424686,0.07265433388899574,0.10170177020408316,0.15112488538007612,0.05914024988082751,0.0,0.04014647051863731,0.3543293127050143,0.33112517464010477,0.29666481739984585,0.3107354983119164,0.33380795713877165,0.13110216763777435,0.0823620079763648,0.09918444439445992,0.12479416397557143,0.11876213063965603,0.05118717144080427,0.07690179971504037,0.09810292974638746,0.13728106904564968,0.03213295294525272,0.0345120945157981,0.06312978964939933,0.18922177144502914,0.09867239161966257,0.04014647051863731,0.0,C
