0.0,0.04901927399801531,0.13666764916954688,0.19184483418226522,0.183324969614672,0.2661116144931724,0.3656590960825302,0.29278413637845974,0.2365706845721661,0.2567185041332065,0.37490674530197743,0.27012215581965915,0.2081804626397257,0.23243190253400114,0.3535334359644375,0.25009578262859816,0.1858119215466197,0.20786309657787025,0.28256648407011636,0.21942643822355123,0.17447877328693442,0.04901927399801531,0.0,0.1018444403223909,0.16198843890885326,0.1592499335131013,0.2535441189685519,0.35108030845782295,0.27325248749782627,0.2136534876893787,0.2503841656367012,0.3645282505618961,0.25539561269866856,0.19307001176120422,0.23230005307390925,0.3480113889831783,0.2430392030910329,0.18089090917129366,0.21509215650685373,0.28354290391518705,0.22021089177637188,0.17817063351980644,0.13666764916954688,0.1018444403223909,0.0,0.06351663383830851,0.07900423693875756,0.17009386578921487,0.2630990822968545,0.18362798678549613,0.12649049373257143,0.1804309770192805,0.28463467910862833,0.17713408906910919,0.12356786636496803,0.18207435803748992,0.2803732416802202,0.18261288427346517,0.13530718994692836,0.19309152312967687,0.23989714017209773,0.18828115404755827,0.16388251073399612,0.19184483418226522,0.16198843890885326,0.06351663383830851,0.0,0.04347285843131928,0.11845934780960667,0.20315071600432377,0.12249393468846653,0.06877775912165686,0.13617519382381693,0.22746856937482146,0.1233423143032493,0.08413739388682448,0.1512093818965989,0.2297856550172439,0.1422984856300533,0.11552394244028556,0.18014451089670774,0.20669173783500047,0.1684423753213169,0.1605120142778382,0.183324969614672,0.1592499335131013,0.07900423693875756,0.04347285843131928,0.0,0.11520173732840186,0.19856662642572853,0.11663976699810015,0.0547074075794096,0.11715871569204515,0.21339242735368746,0.1019906795501963,0.0482679730239421,0.11843365018984983,0.2053980239668561,0.10879250626758781,0.07675358886340883,0.1400828346333583,0.1691768150562405,0.1266976370846288,0.11955798158436542,0.2661116144931724,0.2535441189685519,0.17009386578921487,0.11845934780960667,0.11520173732840186,0.0,0.10331061994715424,0.06022049584402011,0.08218198233725348,0.048063440417661286,0.12639594504508675,0.06652572088780061,0.09173436219789317,0.10183809150630191,0.13847656969519795,0.09588578387181551,0.11849351365660304,0.1648180628766852,0.15501104448640265,0.15513636589027593,0.17485849944374035,0.3656590960825302,0.35108030845782295,0.2630990822968545,0.20315071600432377,0.19856662642572853,0.10331061994715424,0.0,0.08460790534606359,0.14770871332889102,0.11795009572861924,0.05104467047711871,0.10789706228005576,0.16828604375298953,0.16504528535391158,0.10350390652164977,0.14508893433684622,0.1977579953663489,0.22795622676238567,0.18016969391594262,0.21194371382299698,0.24722947847546253,0.29278413637845974,0.27325248749782627,0.18362798678549613,0.12249393468846653,0.11663976699810015,0.06022049584402011,0.08460790534606359,0.0,0.06377415292158634,0.08049685166194816,0.10879528570755824,0.04543832181940955,0.09363627733174439,0.12236094409561755,0.1264275734132809,0.09624615266096234,0.1332740944169555,0.17954795186028616,0.15452369983882872,0.16037973519787307,0.1862110899387108,0.2365706845721661,0.2136534876893787,0.12649049373257143,0.06877775912165686,0.0547074075794096,0.08218198233725348,0.14770871332889102,0.06377415292158634,0.0,0.09168920983031477,0.16509360112097454,0.05855596104905829,0.04751731245919275,0.11135084236113937,0.1655183448986081,0.08863504321668669,0.09394309994905718,0.15232463973675378,0.1540860990894069,0.13314899513018497,0.14507938158181713,0.2567185041332065,0.2503841656367012,0.1804309770192805,0.13617519382381693,0.11715871569204515,0.048063440417661286,0.11795009572861924,0.08049685166194816,0.09168920983031477,0.0,0.12087111025550608,0.05587553073761664,0.07800901304332987,0.0567617285452491,0.11183030089799108,0.057732528068585406,0.08950715430291245,0.12263049497312953,0.10997170577771091,0.11459067946010472,0.14037598236984444,0.37490674530197743,0.3645282505618961,0.28463467910862833,0.22746856937482146,0.21339242735368746,0.12639594504508675,0.05104467047711871,0.10879528570755824,0.16509360112097454,0.12087111025550608,0.0,0.11254047316869768,0.17455813124438785,0.15447214382003827,0.05904409401574349,0.13477493898637985,0.19574566047907369,0.2117299480693047,0.1507329169517196,0.195840495956733,0.23725530259015187,0.27012215581965915,0.25539561269866856,0.17713408906910919,0.1233423143032493,0.1019906795501963,0.06652572088780061,0.10789706228005576,0.04543832181940955,0.05855596104905829,0.05587553073761664,0.11254047316869768,0.0,0.06360158238959954,0.08141328489047472,0.10719498250136453,0.05118566694495832,0.09574698591988491,0.13563801806409154,0.11142875532269354,0.1156734392864981,0.1451173410037155,0.2081804626397257,0.19307001176120422,0.12356786636496803,0.08413739388682448,0.0482679730239421,0.09173436219789317,0.16828604375298953,0.09363627733174439,0.04751731245919275,0.07800901304332987,0.17455813124438785,0.06360158238959954,0.0,0.07404203061909014,0.15983319744001928,0.06055098072780248,0.04651548214889951,0.10622527364177102,0.1226770481382246,0.08978720540934948,0.09889641252934309,0.23243190253400114,0.23230005307390925,0.18207435803748992,0.1512093818965989,0.11843365018984983,0.10183809150630191,0.16504528535391158,0.12236094409561755,0.11135084236113937,0.0567617285452491,0.15447214382003827,0.08141328489047472,0.07404203061909014,0.0,0.12294926682967604,0.03901056100774357,0.05576284684814765,0.06646624112802142,0.07113714804478982,0.062048002457751814,0.09096383102971149,0.3535334359644375,0.3480113889831783,0.2803732416802202,0.2297856550172439,0.2053980239668561,0.13847656969519795,0.10350390652164977,0.1264275734132809,0.1655183448986081,0.11183030089799108,0.05904409401574349,0.10719498250136453,0.15983319744001928,0.12294926682967604,0.0,0.10588166077915073,0.16920787400195048,0.16922843942877921,0.09878238301798643,0.15427278804127362,0.1997462953105576,0.25009578262859816,0.2430392030910329,0.18261288427346517,0.1422984856300533,0.10879250626758781,0.09588578387181551,0.14508893433684622,0.09624615266096234,0.08863504321668669,0.057732528068585406,0.13477493898637985,0.05118566694495832,0.06055098072780248,0.03901056100774357,0.10588166077915073,0.0,0.06452532679656586,0.08653834675785986,0.0673820837344478,0.06764098733871611,0.1035154433856711,0.1858119215466197,0.18089090917129366,0.13530718994692836,0.11552394244028556,0.07675358886340883,0.11849351365660304,0.1977579953663489,0.1332740944169555,0.09394309994905718,0.08950715430291245,0.19574566047907369,0.09574698591988491,0.04651548214889951,0.05576284684814765,0.16920787400195048,0.06452532679656586,0.0,0.06487143401657222,0.1070959494607322,0.05771926094896868,0.05753025399522696,0.20786309657787025,0.21509215650685373,0.19309152312967687,0.18014451089670774,0.1400828346333583,0.1648180628766852,0.22795622676238567,0.17954795186028616,0.15232463973675378,0.12263049497312953,0.2117299480693047,0.13563801806409154,0.10622527364177102,0.06646624112802142,0.16922843942877921,0.08653834675785986,0.06487143401657222,0.0,0.07942869149167053,0.030158548609928486,0.042908163704579186,0.28256648407011636,0.28354290391518705,0.23989714017209773,0.20669173783500047,0.1691768150562405,0.15501104448640265,0.18016969391594262,0.15452369983882872,0.1540860990894069,0.10997170577771091,0.1507329169517196,0.11142875532269354,0.1226770481382246,0.07113714804478982,0.09878238301798643,0.0673820837344478,0.1070959494607322,0.07942869149167053,0.0,0.06635997506735751,0.1133982393170301,0.21942643822355123,0.22021089177637188,0.18828115404755827,0.1684423753213169,0.1266976370846288,0.15513636589027593,0.21194371382299698,0.16037973519787307,0.13314899513018497,0.11459067946010472,0.195840495956733,0.1156734392864981,0.08978720540934948,0.062048002457751814,0.15427278804127362,0.06764098733871611,0.05771926094896868,0.030158548609928486,0.06635997506735751,0.0,0.04784233413062248,0.17447877328693442,0.17817063351980644,0.16388251073399612,0.1605120142778382,0.11955798158436542,0.17485849944374035,0.24722947847546253,0.1862110899387108,0.14507938158181713,0.14037598236984444,0.23725530259015187,0.1451173410037155,0.09889641252934309,0.09096383102971149,0.1997462953105576,0.1035154433856711,0.05753025399522696,0.042908163704579186,0.1133982393170301,0.04784233413062248,0.0,E
0.0,0.05678634582236344,0.14719836691107965,0.20770720965978634,0.19822327927017752,0.28105996973761976,0.3946305033516893,0.31748667386013285,0.25706049590825464,0.2696749194169624,0.3919783226802948,0.27700176745628907,0.22005863032437722,0.2450356553577568,0.3571063938014408,0.2490522685296711,0.19358826084601963,0.21529075704297074,0.287319992266588,0.2216643663134039,0.18157491138925505,0.05678634582236344,0.0,0.10368001813933245,0.17077182112488276,0.16874762501081608,0.26235648952814544,0.3749465527920768,0.29307748346848017,0.22975934305592086,0.2589712361359437,0.3779886795847996,0.25963595587162913,0.20387121474537742,0.24247149329614773,0.34908533803687736,0.24086669548445316,0.18956528403666784,0.2229498755048124,0.28815567102560585,0.2241007952903286,0.1890314502381338,0.14719836691107965,0.10368001813933245,0.0,0.07095643486368282,0.08652099878045928,0.17689897536086255,0.2851342318305224,0.20132171527455212,0.1392006306689372,0.1868327316363219,0.2963131559597055,0.17997391511024508,0.1321376574264423,0.18880189209304898,0.2795706333592553,0.17970576008209216,0.14285766137919007,0.1965933450888085,0.2412208596705815,0.18868526531933938,0.16901790767541106,0.20770720965978634,0.17077182112488276,0.07095643486368282,0.0,0.044347736307020935,0.11963417672047752,0.218080075424485,0.13297805794477666,0.07256117964390403,0.13717816601143507,0.23246546408742083,0.12104281794608669,0.08823733947604688,0.15253768777176208,0.2228830089644921,0.13685891791220742,0.12174967374486904,0.17973095130341168,0.2027935595160957,0.1656279723177788,0.16216532405291362,0.19822327927017752,0.16874762501081608,0.08652099878045928,0.044347736307020935,0.0,0.1189488816657834,0.21443489104599756,0.12931730822508977,0.06415960245241897,0.12028359667949569,0.2195708846075251,0.10213108905926625,0.06092507686815495,0.12173349824888476,0.19883439371025174,0.10476169642222165,0.08912795233285299,0.14065817177963247,0.1662055364412319,0.1259706188955906,0.12432815598187506,0.28105996973761976,0.26235648952814544,0.17689897536086255,0.11963417672047752,0.1189488816657834,0.0,0.11843753992311529,0.062125153708141014,0.0712694127772762,0.04904446771379871,0.13048583447018658,0.05561625295691417,0.0784151939004354,0.101602428983391,0.13389566005460046,0.09305801519441503,0.11565321996634643,0.16386717229791747,0.15100976452279716,0.14870872518059217,0.1660598928840231,0.3946305033516893,0.3749465527920768,0.2851342318305224,0.218080075424485,0.21443489104599756,0.11843753992311529,0.0,0.08683347384658778,0.15157753326482748,0.13175193396034396,0.04923631843712837,0.12202319149354558,0.1769260875242007,0.17532243535163308,0.10653383382206907,0.1641851337328907,0.21236274369675173,0.23769022454552716,0.18583656694386613,0.22081888610887415,0.2532783075227228,0.31748667386013285,0.29307748346848017,0.20132171527455212,0.13297805794477666,0.12931730822508977,0.062125153708141014,0.08683347384658778,0.0,0.06544815829451826,0.08393379674077571,0.10462932635102953,0.0554580519804546,0.1027090895723868,0.12702900961675964,0.11776870265703882,0.1080667488653787,0.14724590684045202,0.18563538303504826,0.15521389383720166,0.16660172530269304,0.19243867760960492,0.25706049590825464,0.22975934305592086,0.1392006306689372,0.07256117964390403,0.06415960245241897,0.0712694127772762,0.15157753326482748,0.06544815829451826,0.0,0.08489730036638493,0.16182410287008536,0.05469905565121291,0.05759679394890377,0.11054106334615978,0.153658333381288,0.08884997586078358,0.10637798645142928,0.15525692444793482,0.15150028549889163,0.1366252837538028,0.15178940770837845,0.2696749194169624,0.2589712361359437,0.1868327316363219,0.13717816601143507,0.12028359667949569,0.04904446771379871,0.13175193396034396,0.08393379674077571,0.08489730036638493,0.0,0.12478966509266431,0.04216278052076041,0.06249708177087447,0.05517675456757652,0.10561421473033955,0.052179961207356955,0.08457803407548582,0.12060155873379709,0.10461281055190966,0.10628338002834732,0.12903220240853466,0.3919783226802948,0.3779886795847996,0.2963131559597055,0.23246546408742083,0.2195708846075251,0.13048583447018658,0.04923631843712837,0.10462932635102953,0.16182410287008536,0.12478966509266431,0.0,0.1191115614687267,0.1743871782289746,0.15622493404434068,0.06383240042093287,0.14814778539791223,0.20126204605679232,0.21377695656616608,0.1523654767392928,0.1983310619669752,0.23481848739561673,0.27700176745628907,0.25963595587162913,0.17997391511024508,0.12104281794608669,0.10213108905926625,0.05561625295691417,0.12202319149354558,0.0554580519804546,0.05469905565121291,0.04216278052076041,0.1191115614687267,0.0,0.05695829319090354,0.07269704592912002,0.1023692339314487,0.05283710997598934,0.09491543223524329,0.13037907487502776,0.10794447837800088,0.11171545257472022,0.13805192987416398,0.22005863032437722,0.20387121474537742,0.1321376574264423,0.08823733947604688,0.06092507686815495,0.0784151939004354,0.1769260875242007,0.1027090895723868,0.05759679394890377,0.06249708177087447,0.1743871782289746,0.05695829319090354,0.0,0.06444111843870097,0.14888557496366814,0.05025710540049314,0.04916469918239789,0.1034339692686969,0.11791931979626527,0.08743007327952956,0.09768646588954788,0.2450356553577568,0.24247149329614773,0.18880189209304898,0.15253768777176208,0.12173349824888476,0.101602428983391,0.17532243535163308,0.12702900961675964,0.11054106334615978,0.05517675456757652,0.15622493404434068,0.07269704592912002,0.06444111843870097,0.0,0.11402628120737648,0.026736626138345918,0.05293486239988779,0.06627939829815228,0.06502441175213289,0.053404165080380005,0.08090006224453462,0.3571063938014408,0.34908533803687736,0.2795706333592553,0.2228830089644921,0.19883439371025174,0.13389566005460046,0.10653383382206907,0.11776870265703882,0.153658333381288,0.10561421473033955,0.06383240042093287,0.1023692339314487,0.14888557496366814,0.11402628120737648,0.0,0.10865235057317058,0.1637630565273488,0.16099437140437775,0.09221828679659028,0.14702223366229972,0.18675012205209893,0.2490522685296711,0.24086669548445316,0.17970576008209216,0.13685891791220742,0.10476169642222165,0.09305801519441503,0.1641851337328907,0.1080667488653787,0.08884997586078358,0.052179961207356955,0.14814778539791223,0.05283710997598934,0.05025710540049314,0.026736626138345918,0.10865235057317058,0.0,0.05683948614452946,0.07783541171953878,0.06865377047250217,0.05967536613534072,0.0896125877959578,0.19358826084601963,0.18956528403666784,0.14285766137919007,0.12174967374486904,0.08912795233285299,0.11565321996634643,0.21236274369675173,0.14724590684045202,0.10637798645142928,0.08457803407548582,0.20126204605679232,0.09491543223524329,0.04916469918239789,0.05293486239988779,0.1637630565273488,0.05683948614452946,0.0,0.06379814234895513,0.10619417001317227,0.055026812863103756,0.052188574453186705,0.21529075704297074,0.2229498755048124,0.1965933450888085,0.17973095130341168,0.14065817177963247,0.16386717229791747,0.23769022454552716,0.18563538303504826,0.15525692444793482,0.12060155873379709,0.21377695656616608,0.13037907487502776,0.1034339692686969,0.06627939829815228,0.16099437140437775,0.07783541171953878,0.06379814234895513,0.0,0.07569959149525243,0.020784358569462424,0.034167730071170806,0.287319992266588,0.28815567102560585,0.2412208596705815,0.2027935595160957,0.1662055364412319,0.15100976452279716,0.18583656694386613,0.15521389383720166,0.15150028549889163,0.10461281055190966,0.1523654767392928,0.10794447837800088,0.11791931979626527,0.06502441175213289,0.09221828679659028,0.06865377047250217,0.10619417001317227,0.07569959149525243,0.0,0.06589402264143548,0.1068191186570504,0.2216643663134039,0.2241007952903286,0.18868526531933938,0.1656279723177788,0.1259706188955906,0.14870872518059217,0.22081888610887415,0.16660172530269304,0.1366252837538028,0.10628338002834732,0.1983310619669752,0.11171545257472022,0.08743007327952956,0.053404165080380005,0.14702223366229972,0.05967536613534072,0.055026812863103756,0.020784358569462424,0.06589402264143548,0.0,0.04201589642709296,0.18157491138925505,0.1890314502381338,0.16901790767541106,0.16216532405291362,0.12432815598187506,0.1660598928840231,0.2532783075227228,0.19243867760960492,0.15178940770837845,0.12903220240853466,0.23481848739561673,0.13805192987416398,0.09768646588954788,0.08090006224453462,0.18675012205209893,0.0896125877959578,0.052188574453186705,0.034167730071170806,0.1068191186570504,0.04201589642709296,0.0,E
0.0,0.060004801267240886,0.1541970198615346,0.2194341497728495,0.21158872519819427,0.2798014558079852,0.39995889307609284,0.32648617340416275,0.26719420135871913,0.2700665722782556,0.3991409592850743,0.2840403450507667,0.22638219192961667,0.2448208492002654,0.36007001452531895,0.25071596628461573,0.1944073872421336,0.21489044155987327,0.28754023044183347,0.22077262555156568,0.18009818410925116,0.060004801267240886,0.0,0.10643491272963818,0.17788930031927894,0.1777970416363446,0.2578971269273894,0.3767551094645283,0.2978973981272808,0.23499468235989743,0.25656408397862424,0.38211872738350067,0.2626774358240935,0.2050506500207216,0.23966508205895307,0.3492692835687764,0.23900941102516063,0.18592728574620002,0.2200334944680993,0.285620320387588,0.21977675822872145,0.1832138670457058,0.1541970198615346,0.10643491272963818,0.0,0.0750263646278013,0.09305843246128695,0.1726924954172627,0.2863542954734997,0.20511413986389943,0.14305258222936973,0.18626122107535883,0.30105297529480607,0.18306567921899666,0.13205817929734023,0.18945417077805385,0.2817313089493626,0.17995132565347244,0.1406251515906808,0.1983168553575098,0.2423417877912615,0.18855715930240016,0.16689141222840703,0.2194341497728495,0.17788930031927894,0.0750263646278013,0.0,0.048275747264040506,0.11444400661981753,0.2161400717526302,0.13364659329301914,0.07431724657060222,0.13822853751953496,0.23557541864694992,0.12356410953200571,0.08863460069173495,0.15739371612977276,0.2257364310340833,0.14025757559252552,0.12416747907850241,0.1871360940470247,0.207765311869062,0.1711757800606776,0.16617932333227647,0.21158872519819427,0.1777970416363446,0.09305843246128695,0.048275747264040506,0.0,0.1068614734199245,0.20661975815130906,0.12373524592464044,0.05871140312159977,0.11354912180071992,0.21575272070986037,0.09661239346918003,0.05379067927111763,0.1199575157175725,0.19417828471836354,0.10075174189231585,0.08711569553148758,0.14390883092673573,0.1645246103058811,0.12641798077427988,0.12507861750447774,0.2798014558079852,0.2578971269273894,0.1726924954172627,0.11444400661981753,0.1068614734199245,0.0,0.12445192983985427,0.06951576775058108,0.07215565542867826,0.04930137368676831,0.13833115037560514,0.05595555139611502,0.07221114094182685,0.10137975614761822,0.13715464784431952,0.09115724172044327,0.11075906001016093,0.16262078136627053,0.151619399417589,0.14810030693221404,0.16290369720222872,0.39995889307609284,0.3767551094645283,0.2863542954734997,0.2161400717526302,0.20661975815130906,0.12445192983985427,0.0,0.08524254613800863,0.15034991908915263,0.13681030671281888,0.0524407646549755,0.12086965021233582,0.1761561511978034,0.18083285724906994,0.11048990459524591,0.16745905217391016,0.21480057038986747,0.24245902798828406,0.19099068087752868,0.2262196231416776,0.25685272755396665,0.32648617340416275,0.2978973981272808,0.20511413986389943,0.13364659329301914,0.12373524592464044,0.06951576775058108,0.08524254613800863,0.0,0.06583599746768244,0.09192741255797811,0.10777808294929012,0.05753590433550482,0.10393204234121071,0.13523521120551973,0.1214611884450032,0.11374317343352881,0.15189180159874718,0.19286565466913916,0.16124391839449229,0.17347853676245137,0.19745528223277223,0.26719420135871913,0.23499468235989743,0.14305258222936973,0.07431724657060222,0.05871140312159977,0.07215565542867826,0.15034991908915263,0.06583599746768244,0.0,0.09044165302465239,0.1649778955225139,0.05744086330637967,0.059036101482530655,0.11817778122869828,0.15632393078760684,0.09385566028599553,0.11106694872817106,0.1628174483979295,0.15645189144969315,0.1427334972361683,0.156305797716557,0.2700665722782556,0.25656408397862424,0.18626122107535883,0.13822853751953496,0.11354912180071992,0.04930137368676831,0.13681030671281888,0.09192741255797811,0.09044165302465239,0.0,0.13131407710433113,0.0463978331810442,0.0621392343987652,0.05535578103217489,0.10785827502070312,0.051465360480586655,0.08269588554701587,0.12022734745498563,0.1052625484005765,0.10723476985151172,0.1281794144568273,0.3991409592850743,0.38211872738350067,0.30105297529480607,0.23557541864694992,0.21575272070986037,0.13833115037560514,0.0524407646549755,0.10777808294929012,0.1649778955225139,0.13131407710433113,0.0,0.12068725767965256,0.17726899285534486,0.16294701186386135,0.06678278677236957,0.15322981811474884,0.2064102140712612,0.21958550693940151,0.15788809320708683,0.20525864863444024,0.2405128912093108,0.2840403450507667,0.2626774358240935,0.18306567921899666,0.12356410953200571,0.09661239346918003,0.05595555139611502,0.12086965021233582,0.05753590433550482,0.05744086330637967,0.0463978331810442,0.12068725767965256,0.0,0.058039858093597144,0.07862587480409429,0.10234851277708454,0.05628377172056045,0.09836653853679754,0.13549787668966135,0.11085486084842285,0.11663536752918414,0.14156942034929942,0.22638219192961667,0.2050506500207216,0.13205817929734023,0.08863460069173495,0.05379067927111763,0.07221114094182685,0.1761561511978034,0.10393204234121071,0.059036101482530655,0.0621392343987652,0.17726899285534486,0.058039858093597144,0.0,0.06944120255209196,0.15018562485598672,0.05234327920646014,0.05248961335260754,0.10977314869594866,0.12135019997784875,0.09256490763264101,0.1015081926030017,0.2448208492002654,0.23966508205895307,0.18945417077805385,0.15739371612977276,0.1199575157175725,0.10137975614761822,0.18083285724906994,0.13523521120551973,0.11817778122869828,0.05535578103217489,0.16294701186386135,0.07862587480409429,0.06944120255209196,0.0,0.11684073432843292,0.02892414080641539,0.053930179286809495,0.06573788952075955,0.06590276081436125,0.05505688064469817,0.08086952617995083,0.36007001452531895,0.3492692835687764,0.2817313089493626,0.2257364310340833,0.19417828471836354,0.13715464784431952,0.11048990459524591,0.1214611884450032,0.15632393078760684,0.10785827502070312,0.06678278677236957,0.10234851277708454,0.15018562485598672,0.11684073432843292,0.0,0.11047621252676736,0.16616285010746612,0.163164406492286,0.0944401903533797,0.15051670213494447,0.1892139093507436,0.25071596628461573,0.23900941102516063,0.17995132565347244,0.14025757559252552,0.10075174189231585,0.09115724172044327,0.16745905217391016,0.11374317343352881,0.09385566028599553,0.051465360480586655,0.15322981811474884,0.05628377172056045,0.05234327920646014,0.02892414080641539,0.11047621252676736,0.0,0.05723968771392078,0.0793607104794909,0.06980298057024584,0.06147050008452316,0.0896664709464721,0.1944073872421336,0.18592728574620002,0.1406251515906808,0.12416747907850241,0.08711569553148758,0.11075906001016093,0.21480057038986747,0.15189180159874718,0.11106694872817106,0.08269588554701587,0.2064102140712612,0.09836653853679754,0.05248961335260754,0.053930179286809495,0.16616285010746612,0.05723968771392078,0.0,0.06766990049985927,0.10861479903891204,0.058091653619839735,0.05387686733257878,0.21489044155987327,0.2200334944680993,0.1983168553575098,0.1871360940470247,0.14390883092673573,0.16262078136627053,0.24245902798828406,0.19286565466913916,0.1628174483979295,0.12022734745498563,0.21958550693940151,0.13549787668966135,0.10977314869594866,0.06573788952075955,0.163164406492286,0.0793607104794909,0.06766990049985927,0.0,0.07586485019048757,0.022607208443242557,0.03688543548989073,0.28754023044183347,0.285620320387588,0.2423417877912615,0.207765311869062,0.1645246103058811,0.151619399417589,0.19099068087752868,0.16124391839449229,0.15645189144969315,0.1052625484005765,0.15788809320708683,0.11085486084842285,0.12135019997784875,0.06590276081436125,0.0944401903533797,0.06980298057024584,0.10861479903891204,0.07586485019048757,0.0,0.0673603527211212,0.1078734335955387,0.22077262555156568,0.21977675822872145,0.18855715930240016,0.1711757800606776,0.12641798077427988,0.14810030693221404,0.2262196231416776,0.17347853676245137,0.1427334972361683,0.10723476985151172,0.20525864863444024,0.11663536752918414,0.09256490763264101,0.05505688064469817,0.15051670213494447,0.06147050008452316,0.058091653619839735,0.022607208443242557,0.0673603527211212,0.0,0.04140599407749051,0.18009818410925116,0.1832138670457058,0.16689141222840703,0.16617932333227647,0.12507861750447774,0.16290369720222872,0.25685272755396665,0.19745528223277223,0.156305797716557,0.1281794144568273,0.2405128912093108,0.14156942034929942,0.1015081926030017,0.08086952617995083,0.1892139093507436,0.0896664709464721,0.05387686733257878,0.03688543548989073,0.1078734335955387,0.04140599407749051,0.0,E
0.0,0.05780426842445357,0.1574884716948421,0.2149434543429964,0.2005644989890771,0.2859657446590733,0.4076550115310088,0.33019821211950906,0.2637552080240992,0.2741897527568012,0.4093715133111612,0.29405290769306125,0.2281173755580183,0.24823567448415557,0.3686220530689119,0.25982232879081313,0.19847469576246585,0.2194378524212445,0.2992232945496273,0.23646897823644822,0.19355142250167243,0.05780426842445357,0.0,0.10905826255821095,0.1715883606270206,0.16484388653694798,0.2565507125158035,0.3771058433834076,0.29576968868857106,0.22677004047877275,0.2527886064005803,0.38432691015701664,0.2660426509916663,0.20071080703465272,0.23584837771876133,0.3503509564651035,0.24118090779214005,0.1828471103815749,0.21910595939295355,0.291341088208284,0.22943341367732936,0.19012984492227028,0.1574884716948421,0.10905826255821095,0.0,0.06644812104567238,0.08044546027790081,0.16347477307811395,0.2794264450155482,0.19697305121762115,0.13012012941232065,0.17446236779807167,0.29482194821510127,0.17912652866065093,0.12252556702592753,0.17937302401953847,0.27476817406246407,0.17481692067822385,0.13214848398714052,0.19427119435283519,0.24185347603613735,0.19071521984829803,0.16627517271074163,0.2149434543429964,0.1715883606270206,0.06644812104567238,0.0,0.04600049537910934,0.10753913977022399,0.21507637317983283,0.13147475127323865,0.06669138232257536,0.12617840897326613,0.23274082715704922,0.1205751926325239,0.07884669467310386,0.1456616603116068,0.2197886317830603,0.13256936611971884,0.11241669326157358,0.18010318027337535,0.20511644179129232,0.16698501551548836,0.15764800712895025,0.2005644989890771,0.16484388653694798,0.08044546027790081,0.04600049537910934,0.0,0.11049563168070227,0.2172999338905152,0.1336129316610803,0.06388644961310747,0.10920627363662376,0.22461653248497318,0.10509880996049238,0.04732824619970099,0.11155765696651242,0.19815714381959326,0.09906801547912476,0.07311301952197335,0.13705030683876102,0.1675706095942256,0.1243134507015084,0.11443302282054166,0.2859657446590733,0.2565507125158035,0.16347477307811395,0.10753913977022399,0.11049563168070227,0.0,0.12576071122600402,0.06828247687594843,0.0737430540811061,0.050988987676900625,0.14106962587512675,0.0618612741695343,0.08104873728475219,0.106838033285537,0.13970565092644013,0.09651191347338967,0.11772381894750562,0.17215085502365757,0.160157733844262,0.15247899161427791,0.16484316796546652,0.4076550115310088,0.3771058433834076,0.2794264450155482,0.21507637317983283,0.2172999338905152,0.12576071122600402,0.0,0.08696217742244435,0.15813562029796976,0.14131611063948096,0.05188209379710407,0.12083934457829924,0.1838457627991973,0.18867953137545113,0.11387289676770541,0.1706360434671474,0.22163521486440885,0.25388642674707484,0.1987735670200037,0.22756012116139732,0.2577755177264391,0.33019821211950906,0.29576968868857106,0.19697305121762115,0.13147475127323865,0.1336129316610803,0.06828247687594843,0.08696217742244435,0.0,0.07185419276765947,0.09051024754185519,0.10742620353336892,0.05404387072301759,0.10744446444860437,0.13703401622142167,0.12063767169860311,0.11254966996858035,0.15345868682408859,0.1989745872895102,0.1660034759910225,0.17266991113565486,0.19498571917183788,0.2637552080240992,0.22677004047877275,0.13012012941232065,0.06669138232257536,0.06388644961310747,0.0737430540811061,0.15813562029796976,0.07185419276765947,0.0,0.08728113760886927,0.1711045201603867,0.060382605567962835,0.0552825267507493,0.11532485174679674,0.15910738851162534,0.09130966781161755,0.10574222289131999,0.16354586454555536,0.16117514364115745,0.14134209340325027,0.15026259504591363,0.2741897527568012,0.2527886064005803,0.17446236779807167,0.12617840897326613,0.10920627363662376,0.050988987676900625,0.14131611063948096,0.09051024754185519,0.08728113760886927,0.0,0.13749533055918037,0.0502192619067495,0.0649008264208161,0.058577374653025906,0.11127736503309896,0.05383568910517196,0.0858180004724164,0.1269022961959522,0.11171370640103248,0.1068191989311506,0.12520753209877356,0.4093715133111612,0.38432691015701664,0.29482194821510127,0.23274082715704922,0.22461653248497318,0.14106962587512675,0.05188209379710407,0.10742620353336892,0.1711045201603867,0.13749533055918037,0.0,0.11993943526268214,0.18464467252790293,0.17246694331299348,0.0712457831937752,0.15662300933279583,0.21426461550090642,0.23245221849508507,0.16571971604414246,0.2062061006125152,0.24196710217686337,0.29405290769306125,0.2660426509916663,0.17912652866065093,0.1205751926325239,0.10509880996049238,0.0618612741695343,0.12083934457829924,0.05404387072301759,0.060382605567962835,0.0502192619067495,0.11993943526268214,0.0,0.06614882041719458,0.08438632563177986,0.09980255462218497,0.05853072407240839,0.10510022062824556,0.14514339579209423,0.11678069553981979,0.118782915852803,0.1428272869440587,0.2281173755580183,0.20071080703465272,0.12252556702592753,0.07884669467310386,0.04732824619970099,0.08104873728475219,0.1838457627991973,0.10744446444860437,0.0552825267507493,0.0649008264208161,0.18464467252790293,0.06614882041719458,0.0,0.06893079895443352,0.15358263799558308,0.054298700154436615,0.050708699342967456,0.11177726170743306,0.1266406545837867,0.09336644265146372,0.09720955936649374,0.24823567448415557,0.23584837771876133,0.17937302401953847,0.1456616603116068,0.11155765696651242,0.106838033285537,0.18867953137545113,0.13703401622142167,0.11532485174679674,0.058577374653025906,0.17246694331299348,0.08438632563177986,0.06893079895443352,0.0,0.12239355559775815,0.03242461475040231,0.05365809480850977,0.06906634161832792,0.0718018703816297,0.05054235531024249,0.07312673532394574,0.3686220530689119,0.3503509564651035,0.27476817406246407,0.2197886317830603,0.19815714381959326,0.13970565092644013,0.11387289676770541,0.12063767169860311,0.15910738851162534,0.11127736503309896,0.0712457831937752,0.09980255462218497,0.15358263799558308,0.12239355559775815,0.0,0.10974794232735431,0.17023890329431107,0.17184064776153588,0.09714843986680886,0.14634091540881036,0.18644291607107052,0.25982232879081313,0.24118090779214005,0.17481692067822385,0.13256936611971884,0.09906801547912476,0.09651191347338967,0.1706360434671474,0.11254966996858035,0.09130966781161755,0.05383568910517196,0.15662300933279583,0.05853072407240839,0.054298700154436615,0.03242461475040231,0.10974794232735431,0.0,0.061842743744057856,0.08681305593638955,0.0737862307537707,0.060746004201935724,0.0878226180254663,0.19847469576246585,0.1828471103815749,0.13214848398714052,0.11241669326157358,0.07311301952197335,0.11772381894750562,0.22163521486440885,0.15345868682408859,0.10574222289131999,0.0858180004724164,0.21426461550090642,0.10510022062824556,0.050708699342967456,0.05365809480850977,0.17023890329431107,0.061842743744057856,0.0,0.06976057761690461,0.11446400880813219,0.06262253066007577,0.050784383287611756,0.2194378524212445,0.21910595939295355,0.19427119435283519,0.18010318027337535,0.13705030683876102,0.17215085502365757,0.25388642674707484,0.1989745872895102,0.16354586454555536,0.1269022961959522,0.23245221849508507,0.14514339579209423,0.11177726170743306,0.06906634161832792,0.17184064776153588,0.08681305593638955,0.06976057761690461,0.0,0.08376762189319555,0.029667376582598708,0.029799980300370888,0.2992232945496273,0.291341088208284,0.24185347603613735,0.20511644179129232,0.1675706095942256,0.160157733844262,0.1987735670200037,0.1660034759910225,0.16117514364115745,0.11171370640103248,0.16571971604414246,0.11678069553981979,0.1266406545837867,0.0718018703816297,0.09714843986680886,0.0737862307537707,0.11446400880813219,0.08376762189319555,0.0,0.06322424277868412,0.10603507368479757,0.23646897823644822,0.22943341367732936,0.19071521984829803,0.16698501551548836,0.1243134507015084,0.15247899161427791,0.22756012116139732,0.17266991113565486,0.14134209340325027,0.1068191989311506,0.2062061006125152,0.118782915852803,0.09336644265146372,0.05054235531024249,0.14634091540881036,0.060746004201935724,0.06262253066007577,0.029667376582598708,0.06322424277868412,0.0,0.04356742550647175,0.19355142250167243,0.19012984492227028,0.16627517271074163,0.15764800712895025,0.11443302282054166,0.16484316796546652,0.2577755177264391,0.19498571917183788,0.15026259504591363,0.12520753209877356,0.24196710217686337,0.1428272869440587,0.09720955936649374,0.07312673532394574,0.18644291607107052,0.0878226180254663,0.050784383287611756,0.029799980300370888,0.10603507368479757,0.04356742550647175,0.0,E
