0.0,0.10979085874140415,0.21401711174428292,0.3098402660805185,0.39677300485395256,0.1553001485187983,0.29411178896820983,0.38527629755520043,0.46500402897761783,0.133312956597336,0.2840272154592197,0.3908143359249661,0.4903861652385154,0.1345282471349493,0.2639814093662757,0.37496423262510964,0.4740675460023002,0.1492065904856463,0.22267950011371784,0.2875779020838498,0.3618419308953883,0.10979085874140415,0.0,0.1051883958530559,0.20122144595416633,0.2881945846810613,0.08401820486532788,0.19304831637341122,0.28045670679570617,0.3590788456400245,0.10722557455546329,0.19343922840915329,0.2918022344082907,0.38855207346799775,0.14233701186093917,0.19246117238785101,0.2853056713412472,0.377067413918943,0.17988232136065266,0.1922237791942452,0.2266040104102178,0.2824001034907598,0.21401711174428292,0.1051883958530559,0.0,0.09604265138505845,0.18317121590299795,0.11096960040421082,0.1062213694595121,0.1803953634610721,0.2560993785059824,0.1605019785787737,0.12421903017216854,0.19913427735715603,0.2898090019269508,0.20299867279130196,0.15322809533379209,0.20549227202026935,0.2841098556448399,0.24421193849035688,0.20280593782409942,0.1933946395975094,0.21643101733356904,0.3098402660805185,0.20122144595416633,0.09604265138505845,0.0,0.08742437849368727,0.19064372011859285,0.08235711422343102,0.09847223595006104,0.164431848512223,0.24105372638822134,0.12118454436536231,0.13200153202847906,0.20530137889523753,0.2824311649350971,0.1747852527531076,0.1608453318256379,0.20967625274162546,0.3226212887934226,0.254022411854933,0.2102798985499295,0.1905427657048007,0.39677300485395256,0.2881945846810613,0.18317121590299795,0.08742437849368727,0.0,0.26964148786081416,0.13172761737305683,0.06263113813065245,0.0853630877228764,0.3193047389462935,0.1690709999510032,0.10867018416113905,0.13721510412583166,0.35965563570228576,0.2270351828255313,0.1595219451851014,0.15793785614470435,0.39892191202579547,0.31690743123148024,0.25482222201681587,0.20291483519466763,0.1553001485187983,0.08401820486532788,0.11096960040421082,0.19064372011859285,0.26964148786081416,0.0,0.14854154297382538,0.24439098257779862,0.3267058850656169,0.05802223772435179,0.13710203028599752,0.24481752612666627,0.3462414619088084,0.1074341842593355,0.12953192162467983,0.2300470814222479,0.32789083058044816,0.1532550457880375,0.13721734657153428,0.164417693089714,0.2232406383334514,0.29411178896820983,0.19304831637341122,0.1062213694595121,0.08235711422343102,0.13172761737305683,0.14854154297382538,0.0,0.09632034240525007,0.17887332490545707,0.19597394443730842,0.051810966834512355,0.10291317276077876,0.20055032008987164,0.23726171041707567,0.1135481763703711,0.11319042561873323,0.1893086066207028,0.27826494746234876,0.2007681568046326,0.15126882022722998,0.13726124895944875,0.38527629755520043,0.28045670679570617,0.1803953634610721,0.09847223595006104,0.06263113813065245,0.24439098257779862,0.09632034240525007,0.0,0.08256737901459302,0.2904326715212687,0.12548507206074655,0.04893764408004813,0.11172459006334799,0.3290018119616014,0.18346258445835184,0.1028353098049476,0.1162265734531738,0.36745872334530005,0.2776659286274772,0.20838357188603346,0.1494244934693084,0.46500402897761783,0.3590788456400245,0.2560993785059824,0.164431848512223,0.0853630877228764,0.3267058850656169,0.17887332490545707,0.08256737901459302,0.0,0.3718855759022668,0.20375743826573575,0.0999305989802917,0.057688656281256315,0.40886554799473773,0.2565691875569979,0.15191910651834617,0.09412948585900936,0.4456939740787155,0.35043744251060344,0.2742853573603912,0.1989301574587094,0.133312956597336,0.10722557455546329,0.1605019785787737,0.24105372638822134,0.3193047389462935,0.05802223772435179,0.19597394443730842,0.2904326715212687,0.3718855759022668,0.0,0.17245105633476432,0.2842151435129651,0.38633787182694085,0.049936199922203585,0.14306944493958987,0.25944712006875587,0.3630047218628717,0.09599138200932068,0.10917746663134108,0.16585829743153047,0.2420450861765307,0.2840272154592197,0.19343922840915329,0.12421903017216854,0.12118454436536231,0.1690709999510032,0.13710203028599752,0.051810966834512355,0.12548507206074655,0.20375743826573575,0.17245105633476432,0.0,0.11197199161686425,0.21396582157691715,0.2068914029567023,0.06322155556251231,0.09396954544739061,0.19190078892131712,0.2440793903873571,0.15520419654636203,0.09951458216021583,0.09967363306018992,0.3908143359249661,0.2918022344082907,0.19913427735715603,0.13200153202847906,0.10867018416113905,0.24481752612666627,0.10291317276077876,0.04893764408004813,0.0999305989802917,0.2842151435129651,0.11197199161686425,0.0,0.10218457487499893,0.3183589244816942,0.1610497366926789,0.058091103141241635,0.08658604327182752,0.3538934639336592,0.2556457473980854,0.17827680093914502,0.10725085164641533,0.4903861652385154,0.38855207346799775,0.2898090019269508,0.20530137889523753,0.13721510412583166,0.3462414619088084,0.20055032008987164,0.11172459006334799,0.057688656281256315,0.38633787182694085,0.21396582157691715,0.10218457487499893,0.0,0.41965790595493746,0.2590220138906795,0.14029145515534333,0.04708342025715856,0.4538314000975117,0.3514257476989341,0.2689340823510687,0.18350661271685384,0.1345282471349493,0.14233701186093917,0.20299867279130196,0.2824311649350971,0.35965563570228576,0.1074341842593355,0.23726171041707567,0.3290018119616014,0.40886554799473773,0.049936199922203585,0.2068914029567023,0.3183589244816942,0.41965790595493746,0.0,0.16507417793387855,0.28687481528951475,0.39293203739989724,0.046085501721296045,0.09969152912536196,0.17655009670084768,0.26201068901111274,0.2639814093662757,0.19246117238785101,0.15322809533379209,0.1747852527531076,0.2270351828255313,0.12953192162467983,0.1135481763703711,0.18346258445835184,0.2565691875569979,0.14306944493958987,0.06322155556251231,0.1610497366926789,0.2590220138906795,0.16507417793387855,0.0,0.12254288700363264,0.22924085869841498,0.19558475046553983,0.0952054291010493,0.04311296647530111,0.09931405649690221,0.37496423262510964,0.2853056713412472,0.20549227202026935,0.1608453318256379,0.1595219451851014,0.2300470814222479,0.11319042561873323,0.1028353098049476,0.15191910651834617,0.25944712006875587,0.09396954544739061,0.058091103141241635,0.14029145515534333,0.28687481528951475,0.12254288700363264,0.0,0.10684028643734644,0.3179704266201066,0.21255329170220733,0.1292157996975733,0.04953549280841022,0.4740675460023002,0.377067413918943,0.2841098556448399,0.20967625274162546,0.15793785614470435,0.32789083058044816,0.1893086066207028,0.1162265734531738,0.09412948585900936,0.3630047218628717,0.19190078892131712,0.08658604327182752,0.04708342025715856,0.39293203739989724,0.22924085869841498,0.10684028643734644,0.0,0.4247716376699476,0.31880851030185403,0.23386610025545512,0.14503384659080587,0.1492065904856463,0.17988232136065266,0.24421193849035688,0.3226212887934226,0.39892191202579547,0.1532550457880375,0.27826494746234876,0.36745872334530005,0.4456939740787155,0.09599138200932068,0.2440793903873571,0.3538934639336592,0.4538314000975117,0.046085501721296045,0.19558475046553983,0.3179704266201066,0.4247716376699476,0.0,0.11306390771023994,0.1984872785689253,0.2880034522789313,0.22267950011371784,0.1922237791942452,0.20280593782409942,0.254022411854933,0.31690743123148024,0.13721734657153428,0.2007681568046326,0.2776659286274772,0.35043744251060344,0.10917746663134108,0.15520419654636203,0.2556457473980854,0.3514257476989341,0.09969152912536196,0.0952054291010493,0.21255329170220733,0.31880851030185403,0.11306390771023994,0.0,0.08685686216613886,0.17760110271109444,0.2875779020838498,0.2266040104102178,0.1933946395975094,0.2102798985499295,0.25482222201681587,0.164417693089714,0.15126882022722998,0.20838357188603346,0.2742853573603912,0.16585829743153047,0.09951458216021583,0.17827680093914502,0.2689340823510687,0.17655009670084768,0.04311296647530111,0.1292157996975733,0.23386610025545512,0.1984872785689253,0.08685686216613886,0.0,0.09088791308115818,0.3618419308953883,0.2824001034907598,0.21643101733356904,0.1905427657048007,0.20291483519466763,0.2232406383334514,0.13726124895944875,0.1494244934693084,0.1989301574587094,0.2420450861765307,0.09967363306018992,0.10725085164641533,0.18350661271685384,0.26201068901111274,0.09931405649690221,0.04953549280841022,0.14503384659080587,0.2880034522789313,0.17760110271109444,0.09088791308115818,0.0,F
0.0,0.08180895974312882,0.1837816464440265,0.28406950121164937,0.36775201391139806,0.19752036640169182,0.333832197188826,0.4165603736083709,0.4914737969902634,0.16628189015671607,0.3361964929830708,0.44698759328476295,0.5531673238156922,0.13959207051704756,0.2979155279561112,0.42453471300301476,0.5348455716308349,0.12343847054824722,0.2200556564711323,0.2942525830224158,0.37508342214399837,0.08180895974312882,0.0,0.10248067666538183,0.20304272456623013,0.286493614914157,0.1166235506073563,0.2526203844706313,0.33546090391960637,0.4103623624525163,0.08815395647314406,0.25503938957286043,0.3659943724566761,0.47213015354952553,0.07444201431242525,0.21797134398350873,0.3434791306624597,0.45354385031928973,0.08996947141905919,0.15051514884440484,0.21754341852503342,0.29524584422479305,0.1837816464440265,0.10248067666538183,0.0,0.10058923242467227,0.18404559015359934,0.03980980134867607,0.1567847698660612,0.2387499522380864,0.3129347652608769,0.04893362075329126,0.15964085793050733,0.27003507819009137,0.3753517067746889,0.08494944010139673,0.1257208734632229,0.24646601692763154,0.35573738059919124,0.1331971847590246,0.09663707526174148,0.13242264492663688,0.20014514118321028,0.28406950121164937,0.20304272456623013,0.10058923242467227,0.0,0.08381592966024023,0.10226343452628568,0.08282552695192434,0.15286279889252244,0.22292746053115084,0.13341051384450447,0.08687928274551975,0.18465939059273853,0.28567256768325355,0.1718632612314385,0.07466404016032495,0.16010698777761298,0.26468134392356446,0.21876312509259382,0.13062743757902334,0.09587504642003263,0.12168312664351283,0.36775201391139806,0.286493614914157,0.18404559015359934,0.08381592966024023,0.0,0.17989542347176643,0.07801989545764283,0.09472290211688936,0.15125855916456432,0.21296556483473464,0.08057035761567434,0.12222005230863835,0.21188855421766664,0.25125424112484207,0.10652697296269895,0.10016669897353453,0.18983990650394136,0.297208419369034,0.19627894430467185,0.13003153621178362,0.08946292557786963,0.19752036640169182,0.1166235506073563,0.03980980134867607,0.10226343452628568,0.17989542347176643,0.0,0.1375820626690312,0.22075578074133406,0.2958182120138525,0.04403568846267081,0.13868598771040427,0.24964724026097684,0.3560045899016656,0.09032659995473628,0.10686641113474918,0.22786138626733987,0.33735741484741616,0.1434161594117599,0.09412584033018988,0.1199895720316337,0.18434371783663678,0.333832197188826,0.2526203844706313,0.1567847698660612,0.08282552695192434,0.07801989545764283,0.1375820626690312,0.0,0.08320494995867513,0.1582389503094951,0.1768759475104263,0.025134487151571832,0.11507642558188567,0.21996976693814846,0.22052468102178938,0.07713663031901101,0.10365175755072996,0.20351084611495732,0.27168400229717754,0.1770449653747079,0.11855785882421901,0.09544169321882086,0.4165603736083709,0.33546090391960637,0.2387499522380864,0.15286279889252244,0.09472290211688936,0.22075578074133406,0.08320494995867513,0.0,0.07509456554030311,0.25975755586733434,0.08836308158013521,0.04412797043650297,0.13925445766696792,0.30272786885906067,0.14570520373590903,0.06651986865008595,0.12717748444397048,0.3530897375676227,0.25239374775474727,0.18061744533332505,0.11320191978277389,0.4914737969902634,0.4103623624525163,0.3129347652608769,0.22292746053115084,0.15125855916456432,0.2958182120138525,0.1582389503094951,0.07509456554030311,0.0,0.33447937206724054,0.16142720748783765,0.05987431655657425,0.07110711465144182,0.3769032095263266,0.21573991321058586,0.10127919587060065,0.07072481116489752,0.4265874768932217,0.32274569919104557,0.2462157086348839,0.165667014927679,0.16628189015671607,0.08815395647314406,0.04893362075329126,0.13341051384450447,0.21296556483473464,0.04403568846267081,0.1768759475104263,0.25975755586733434,0.33447937206724054,0.0,0.17447355771365647,0.28598824951334695,0.3925311896898194,0.04633579599183268,0.1318827411019809,0.25985281822873274,0.3718672035418283,0.0995334698184006,0.07514387544890998,0.13139880023962927,0.20927004781129085,0.3361964929830708,0.25503938957286043,0.15964085793050733,0.08687928274551975,0.08057035761567434,0.13868598771040427,0.025134487151571832,0.08836308158013521,0.16142720748783765,0.17447355771365647,0.0,0.11174533960204676,0.21817410241535165,0.21605071054470396,0.060095724317675854,0.09146776122295287,0.19867915448129395,0.26585463366469414,0.16556360223951935,0.10030419233828712,0.07387208501870546,0.44698759328476295,0.3659943724566761,0.27003507819009137,0.18465939059273853,0.12222005230863835,0.24964724026097684,0.11507642558188567,0.04412797043650297,0.05987431655657425,0.28598824951334695,0.11174533960204676,0.0,0.10659711250488352,0.32700269829583867,0.16320782414076268,0.04881237453035326,0.09041703873205646,0.3758536015666558,0.2703729278957755,0.1930448965720725,0.1132216321848646,0.5531673238156922,0.47213015354952553,0.3753517067746889,0.28567256768325355,0.21188855421766664,0.3560045899016656,0.21996976693814846,0.13925445766696792,0.07110711465144182,0.3925311896898194,0.21817410241535165,0.10659711250488352,0.0,0.4332152921855945,0.26773681968701585,0.1403392860078809,0.03629743010588858,0.481415330914474,0.37367484248375316,0.293396441499965,0.20653149567752316,0.13959207051704756,0.07444201431242525,0.08494944010139673,0.1718632612314385,0.25125424112484207,0.09032659995473628,0.22052468102178938,0.30272786885906067,0.3769032095263266,0.04633579599183268,0.21605071054470396,0.32700269829583867,0.4332152921855945,0.0,0.16768893162902232,0.2976433575798523,0.41091309079491495,0.053261792716737186,0.0812547167161903,0.15730535637355567,0.24227450963821337,0.2979155279561112,0.21797134398350873,0.1257208734632229,0.07466404016032495,0.10652697296269895,0.10686641113474918,0.07713663031901101,0.14570520373590903,0.21573991321058586,0.1318827411019809,0.060095724317675854,0.16320782414076268,0.26773681968701585,0.16768893162902232,0.0,0.13009520595404128,0.24372635169654433,0.21398887341589742,0.10755354777599403,0.04299376602283075,0.07817331464088258,0.42453471300301476,0.3434791306624597,0.24646601692763154,0.16010698777761298,0.10016669897353453,0.22786138626733987,0.10365175755072996,0.06651986865008595,0.10127919587060065,0.25985281822873274,0.09146776122295287,0.04881237453035326,0.1403392860078809,0.2976433575798523,0.13009520595404128,0.0,0.113869874064341,0.34380387789569755,0.23402582488145465,0.15308237093279511,0.06730249410518352,0.5348455716308349,0.45354385031928973,0.35573738059919124,0.26468134392356446,0.18983990650394136,0.33735741484741616,0.20351084611495732,0.12717748444397048,0.07072481116489752,0.3718672035418283,0.19867915448129395,0.09041703873205646,0.03629743010588858,0.41091309079491495,0.24372635169654433,0.113869874064341,0.0,0.4576130527521461,0.3477005338315239,0.2659941914915139,0.17749668805364363,0.12343847054824722,0.08996947141905919,0.1331971847590246,0.21876312509259382,0.297208419369034,0.1434161594117599,0.27168400229717754,0.3530897375676227,0.4265874768932217,0.0995334698184006,0.26585463366469414,0.3758536015666558,0.481415330914474,0.053261792716737186,0.21398887341589742,0.34380387789569755,0.4576130527521461,0.0,0.11404019279964585,0.19662814517534888,0.2848892872380345,0.2200556564711323,0.15051514884440484,0.09663707526174148,0.13062743757902334,0.19627894430467185,0.09412584033018988,0.1770449653747079,0.25239374775474727,0.32274569919104557,0.07514387544890998,0.16556360223951935,0.2703729278957755,0.37367484248375316,0.0812547167161903,0.10755354777599403,0.23402582488145465,0.3477005338315239,0.11404019279964585,0.0,0.08312376797179363,0.17224794621487954,0.2942525830224158,0.21754341852503342,0.13242264492663688,0.09587504642003263,0.13003153621178362,0.1199895720316337,0.11855785882421901,0.18061744533332505,0.2462157086348839,0.13139880023962927,0.10030419233828712,0.1930448965720725,0.293396441499965,0.15730535637355567,0.04299376602283075,0.15308237093279511,0.2659941914915139,0.19662814517534888,0.08312376797179363,0.0,0.08934869375343273,0.37508342214399837,0.29524584422479305,0.20014514118321028,0.12168312664351283,0.08946292557786963,0.18434371783663678,0.09544169321882086,0.11320191978277389,0.165667014927679,0.20927004781129085,0.07387208501870546,0.1132216321848646,0.20653149567752316,0.24227450963821337,0.07817331464088258,0.06730249410518352,0.17749668805364363,0.2848892872380345,0.17224794621487954,0.08934869375343273,0.0,F
0.0,0.07180489259542118,0.163033796273907,0.2299057192403556,0.28016045832857583,0.2133212815602258,0.32796169561656174,0.3773131280219635,0.42384763904054223,0.18644387288253955,0.3587439754855207,0.46955969551620025,0.5773225600819204,0.16173563735087623,0.33140782684951253,0.4484305313671503,0.5480009922309781,0.15154779651351674,0.2582372268412309,0.3405724006982209,0.42529555621052606,0.07180489259542118,0.0,0.09297306066044486,0.16126322365882648,0.21363833046623687,0.14710196754741792,0.2611685378705966,0.30995195337041787,0.3569996096525343,0.13074485026419055,0.2969481483119049,0.40641238790326567,0.5137423750102491,0.12689172605269727,0.2775460168074295,0.3902575801674208,0.48749066785094775,0.14850367945998946,0.2218336895172746,0.29352041022511727,0.3721137951097799,0.163033796273907,0.09297306066044486,0.0,0.06883543599408791,0.1229716138490524,0.0589824380145619,0.16948167675881187,0.21773478552311648,0.26497939122630976,0.07263034798830849,0.21019996390127085,0.31720174836211856,0.423678890384333,0.11270217741618756,0.20248082394805894,0.3066344879737295,0.40041988279125645,0.17059812917402198,0.17975512944145397,0.2279947783861423,0.29494457153003556,0.2299057192403556,0.16126322365882648,0.06883543599408791,0.0,0.05544579986864497,0.024539037943737865,0.10081758814329456,0.1489093289312462,0.19614861044780688,0.07802920976428317,0.14526495477322823,0.24950909999257348,0.35540916541753903,0.13706087126994482,0.1503268962853743,0.24312477856484888,0.3338332549255314,0.20476160210068503,0.16451163809805838,0.1842650438503244,0.23728348384566036,0.28016045832857583,0.21363833046623687,0.1229716138490524,0.05544579986864497,0.0,0.06690395020063501,0.049124728293478984,0.0976579714391201,0.14399564650361021,0.10651721391338073,0.09141503332395928,0.19475064030882172,0.301188344043958,0.1632985486639926,0.10815889766262039,0.18901292317591634,0.27879943642178523,0.23128244753917013,0.15689112535047894,0.1481240660081525,0.1871403942715718,0.2133212815602258,0.14710196754741792,0.0589824380145619,0.024539037943737865,0.06690395020063501,0.0,0.11490464816241323,0.16408079552479604,0.21064509065472767,0.05355636945960482,0.1516175452605869,0.259653953986247,0.3667938198013898,0.11258982702287303,0.1458489147868725,0.24768868359205187,0.34201178568128904,0.1803912890147604,0.14502267320102846,0.17533215131355176,0.23692338118431716,0.32796169561656174,0.2611685378705966,0.16948167675881187,0.10081758814329456,0.049124728293478984,0.11490464816241323,0.0,0.04973606768771094,0.0960273857398191,0.15325753195543615,0.05995604181982561,0.1502179313434485,0.25488188519139904,0.20812597888153334,0.10584510704328925,0.15400951121691747,0.23619332469868323,0.27512751685626924,0.1851677954429734,0.15013926894947724,0.16273893980229218,0.3773131280219635,0.30995195337041787,0.21773478552311648,0.1489093289312462,0.0976579714391201,0.16408079552479604,0.04973606768771094,0.0,0.04739076127363268,0.20166223452398016,0.06255499337342256,0.10945334262183568,0.20962408737724264,0.25502550183746386,0.12597672325465115,0.12889894982321762,0.19655830506320435,0.32100482155390475,0.2215997012045351,0.16821566373747415,0.15220369877550866,0.42384763904054223,0.3569996096525343,0.26497939122630976,0.19614861044780688,0.14399564650361021,0.21064509065472767,0.0960273857398191,0.04739076127363268,0.0,0.2457036394903301,0.08498161638595451,0.0696106951151822,0.1631822537665136,0.29679888519782366,0.14849852102754857,0.10726138966627198,0.15490980765806284,0.3611601523517658,0.25303915147246814,0.18565013054725737,0.14385494987315214,0.18644387288253955,0.13074485026419055,0.07263034798830849,0.07802920976428317,0.10651721391338073,0.05355636945960482,0.15325753195543615,0.20166223452398016,0.2457036394903301,0.0,0.1745446884233374,0.2854274810584846,0.39336345448903265,0.05947289665238159,0.14739629324149991,0.2626230671571231,0.36234619440315574,0.12781218915295942,0.10719871283674402,0.16411467374288569,0.24203155466574727,0.3587439754855207,0.2969481483119049,0.21019996390127085,0.14526495477322823,0.09141503332395928,0.1516175452605869,0.05995604181982561,0.06255499337342256,0.08498161638595451,0.1745446884233374,0.0,0.11120052634303901,0.21900590187449936,0.21989001369208303,0.06559635657354619,0.09852626702449956,0.1907071751495553,0.2815007987145231,0.16918298614947322,0.10697886373384757,0.10286228260048982,0.46955969551620025,0.40641238790326567,0.31720174836211856,0.24950909999257348,0.19475064030882172,0.259653953986247,0.1502179313434485,0.10945334262183568,0.0696106951151822,0.2854274810584846,0.11120052634303901,0.0,0.1079700066539511,0.32932987536385394,0.158020205502338,0.060351587430690475,0.08716786946929511,0.38840090685035783,0.2667961130934559,0.18250145522563085,0.10891949740733942,0.5773225600819204,0.5137423750102491,0.423678890384333,0.35540916541753903,0.301188344043958,0.3667938198013898,0.25488188519139904,0.20962408737724264,0.1631822537665136,0.39336345448903265,0.21900590187449936,0.1079700066539511,0.0,0.436296643971299,0.2614134162131386,0.1452536719416771,0.05501538175661311,0.49365331809150614,0.36829837994340653,0.2785930753263675,0.190073706407515,0.16173563735087623,0.12689172605269727,0.11270217741618756,0.13706087126994482,0.1632985486639926,0.11258982702287303,0.20812597888153334,0.25502550183746386,0.29679888519782366,0.05947289665238159,0.21989001369208303,0.32932987536385394,0.436296643971299,0.0,0.17862286446261003,0.2984304342892309,0.400503769722694,0.06849016005259925,0.09776592627487932,0.18129547520879136,0.26995836891623864,0.33140782684951253,0.2775460168074295,0.20248082394805894,0.1503268962853743,0.10815889766262039,0.1458489147868725,0.10584510704328925,0.12597672325465115,0.14849852102754857,0.14739629324149991,0.06559635657354619,0.158020205502338,0.2614134162131386,0.17862286446261003,0.0,0.12022285439853535,0.22257002468867884,0.2325861222170476,0.10926666709885789,0.044473871862107106,0.09464292701203579,0.4484305313671503,0.3902575801674208,0.3066344879737295,0.24312477856484888,0.18901292317591634,0.24768868359205187,0.15400951121691747,0.12889894982321762,0.10726138966627198,0.2626230671571231,0.09852626702449956,0.060351587430690475,0.1452536719416771,0.2984304342892309,0.12022285439853535,0.0,0.10250051582261978,0.3517925419816317,0.22395964654996026,0.13336208994726428,0.049615915692609404,0.5480009922309781,0.48749066785094775,0.40041988279125645,0.3338332549255314,0.27879943642178523,0.34201178568128904,0.23619332469868323,0.19655830506320435,0.15490980765806284,0.36234619440315574,0.1907071751495553,0.08716786946929511,0.05501538175661311,0.400503769722694,0.22257002468867884,0.10250051582261978,0.0,0.4542543751491694,0.32576530241276974,0.23371638488077193,0.14201346900421316,0.15154779651351674,0.14850367945998946,0.17059812917402198,0.20476160210068503,0.23128244753917013,0.1803912890147604,0.27512751685626924,0.32100482155390475,0.3611601523517658,0.12781218915295942,0.2815007987145231,0.38840090685035783,0.49365331809150614,0.06849016005259925,0.2325861222170476,0.3517925419816317,0.4542543751491694,0.0,0.13172264457177674,0.22481435686229806,0.31770553554673414,0.2582372268412309,0.2218336895172746,0.17975512944145397,0.16451163809805838,0.15689112535047894,0.14502267320102846,0.1851677954429734,0.2215997012045351,0.25303915147246814,0.10719871283674402,0.16918298614947322,0.2667961130934559,0.36829837994340653,0.09776592627487932,0.10926666709885789,0.22395964654996026,0.32576530241276974,0.13172264457177674,0.0,0.09347061830007664,0.18686474767216435,0.3405724006982209,0.29352041022511727,0.2279947783861423,0.1842650438503244,0.1481240660081525,0.17533215131355176,0.15013926894947724,0.16821566373747415,0.18565013054725737,0.16411467374288569,0.10697886373384757,0.18250145522563085,0.2785930753263675,0.18129547520879136,0.044473871862107106,0.13336208994726428,0.23371638488077193,0.22481435686229806,0.09347061830007664,0.0,0.09350523680616511,0.42529555621052606,0.3721137951097799,0.29494457153003556,0.23728348384566036,0.1871403942715718,0.23692338118431716,0.16273893980229218,0.15220369877550866,0.14385494987315214,0.24203155466574727,0.10286228260048982,0.10891949740733942,0.190073706407515,0.26995836891623864,0.09464292701203579,0.049615915692609404,0.14201346900421316,0.31770553554673414,0.18686474767216435,0.09350523680616511,0.0,F
0.0,0.06893984718809955,0.14127693321310458,0.1865580711860756,0.22740679750419135,0.22259024118853246,0.3237516989030936,0.32663915312749237,0.3286750058838922,0.23010120387205826,0.39150274932478235,0.4984156558140727,0.6058292071708843,0.22022247689322053,0.3714512479448741,0.48460622904274275,0.587590472777172,0.20910944818104393,0.3049372776062163,0.3854915636385688,0.46488137028159604,0.06893984718809955,0.0,0.07892876272089679,0.1255749394907076,0.1660371993394553,0.18477936451495505,0.2853349299633381,0.28212390596123993,0.28211606264368005,0.2073058320841512,0.36870033424990833,0.4755141785338923,0.5842788548129207,0.2088306338642483,0.3560484204592058,0.46804215198362303,0.5713892711963686,0.2090871298402158,0.2981033327584865,0.376051501155284,0.45440285219408993,0.14127693321310458,0.07892876272089679,0.0,0.04885584669533943,0.09326066720180304,0.12405966353421519,0.21882271407722542,0.2122267012565927,0.21270435580938937,0.16375798481369366,0.31491759838566835,0.41932099659402744,0.527764525000078,0.18262502861324761,0.3120774525743274,0.4192300683031894,0.520792810369279,0.2027720247416145,0.27140895902858175,0.33999769919277484,0.41327006579740433,0.1865580711860756,0.1255749394907076,0.04885584669533943,0.0,0.046214601701541604,0.10213635259085718,0.1835434533282836,0.17038214014271394,0.16860342623189628,0.14824097309455977,0.28657480812763036,0.3879725115335376,0.4957563663094125,0.17430157043529762,0.2880493832660408,0.39101712404121575,0.49129375082177396,0.20240343954606788,0.2561900840290171,0.3185625484158017,0.38884132125790033,0.22740679750419135,0.1660371993394553,0.09326066720180304,0.046214601701541604,0.0,0.11512609282241926,0.17237921275676982,0.14797939055824982,0.1399130828000794,0.15820437337434745,0.2790132959547824,0.3755328776853233,0.48181161626819746,0.1845797194877343,0.28255494658732455,0.38033367232237486,0.4789471673386352,0.2133760730865902,0.25539230045224975,0.3127521911388797,0.3806472207264732,0.22259024118853246,0.18477936451495505,0.12405966353421519,0.10213635259085718,0.11512609282241926,0.0,0.10255231401451996,0.11383695180439694,0.12764363955873723,0.0646446080440054,0.19266825194494153,0.2967645132845494,0.40486925250850964,0.11572436916486603,0.19875031935131582,0.3001263743349483,0.3995310873862868,0.17079333383999185,0.19058353808655507,0.23735162916006666,0.30045625287437194,0.3237516989030936,0.2853349299633381,0.21882271407722542,0.1835434533282836,0.17237921275676982,0.10255231401451996,0.0,0.04870003195503198,0.07817640242692833,0.11218116871941866,0.11635828301991567,0.20808491444728922,0.3139350623045873,0.16119217574042752,0.1475313715171472,0.22379514913907753,0.3162230058581522,0.2221169064072324,0.18974299961670663,0.1978086531881215,0.23920109120350375,0.32663915312749237,0.28212390596123993,0.2122267012565927,0.17038214014271394,0.14797939055824982,0.11383695180439694,0.04870003195503198,0.0,0.03022819645453086,0.12720458194101686,0.1466951712554165,0.23155082855012812,0.33548240800206125,0.16830013259878146,0.16861751794712362,0.24447579692482746,0.3368929159510476,0.22171931664096098,0.19538757597241085,0.21103200921997772,0.2574848542201772,0.3286750058838922,0.28211606264368005,0.21270435580938937,0.16860342623189628,0.1399130828000794,0.12764363955873723,0.07817640242692833,0.03022819645453086,0.0,0.13864062305870226,0.16613207461613247,0.24759805752056557,0.3500890645320388,0.1722411848083018,0.18070375985805354,0.2568576697515918,0.3494501133564601,0.21926024068780403,0.1964229777030378,0.2169596014912519,0.26688915377884936,0.23010120387205826,0.2073058320841512,0.16375798481369366,0.14824097309455977,0.15820437337434745,0.0646446080440054,0.11218116871941866,0.12720458194101686,0.13864062305870226,0.0,0.1633660018580605,0.2704102652949381,0.3790135302186696,0.05788518736421406,0.15067905552737515,0.2609393187971637,0.3640919384798025,0.12109506820696475,0.12849578594283936,0.18121261075651063,0.25149418886427427,0.39150274932478235,0.36870033424990833,0.31491759838566835,0.28657480812763036,0.2790132959547824,0.19266825194494153,0.11635828301991567,0.1466951712554165,0.16613207461613247,0.1633660018580605,0.0,0.10718251395555833,0.21581402281749767,0.18967003575678923,0.0660968822326285,0.11152708653027893,0.206984430155533,0.24447930809302149,0.16588495614774385,0.12147247494096301,0.13146007637732493,0.4984156558140727,0.4755141785338923,0.41932099659402744,0.3879725115335376,0.3755328776853233,0.2967645132845494,0.20808491444728922,0.23155082855012812,0.24759805752056557,0.2704102652949381,0.10718251395555833,0.0,0.10912180595532837,0.29284615370731926,0.1440719847264829,0.0658473642427484,0.11179163146994521,0.3422533253817311,0.24982924355980685,0.17521567973022464,0.12302659086021585,0.6058292071708843,0.5842788548129207,0.527764525000078,0.4957563663094125,0.48181161626819746,0.40486925250850964,0.3139350623045873,0.33548240800206125,0.3500890645320388,0.3790135302186696,0.21581402281749767,0.10912180595532837,0.0,0.39928484476006476,0.24588190145794625,0.13839202410568296,0.06620466268838109,0.4455268065501947,0.347872744444324,0.2642294335572366,0.18837893620979132,0.22022247689322053,0.2088306338642483,0.18262502861324761,0.17430157043529762,0.1845797194877343,0.11572436916486603,0.16119217574042752,0.16830013259878146,0.1722411848083018,0.05788518736421406,0.18967003575678923,0.29284615370731926,0.39928484476006476,0.0,0.1560986569183156,0.2704876685923138,0.37520059347744056,0.064971271302978,0.09253955682402083,0.16773491648018649,0.24867388064407042,0.3714512479448741,0.3560484204592058,0.3120774525743274,0.2880493832660408,0.28255494658732455,0.19875031935131582,0.1475313715171472,0.16861751794712362,0.18070375985805354,0.15067905552737515,0.0660968822326285,0.1440719847264829,0.24588190145794625,0.1560986569183156,0.0,0.11440699696858259,0.2191967971932875,0.19981919261153033,0.1076544617696331,0.057851018576065345,0.10187490773771907,0.48460622904274275,0.46804215198362303,0.4192300683031894,0.39101712404121575,0.38033367232237486,0.3001263743349483,0.22379514913907753,0.24447579692482746,0.2568576697515918,0.2609393187971637,0.11152708653027893,0.0658473642427484,0.13839202410568296,0.2704876685923138,0.11440699696858259,0.0,0.10511451078964536,0.3110665098885232,0.21078430132104753,0.125869713959339,0.05821579331905144,0.587590472777172,0.5713892711963686,0.520792810369279,0.49129375082177396,0.4789471673386352,0.3995310873862868,0.3162230058581522,0.3368929159510476,0.3494501133564601,0.3640919384798025,0.206984430155533,0.11179163146994521,0.06620466268838109,0.37520059347744056,0.2191967971932875,0.10511451078964536,0.0,0.414638201326607,0.31266796002058156,0.22448248957726455,0.1407522096390194,0.20910944818104393,0.2090871298402158,0.2027720247416145,0.20240343954606788,0.2133760730865902,0.17079333383999185,0.2221169064072324,0.22171931664096098,0.21926024068780403,0.12109506820696475,0.24447930809302149,0.3422533253817311,0.4455268065501947,0.064971271302978,0.19981919261153033,0.3110665098885232,0.414638201326607,0.0,0.10507516877390966,0.19384292378053128,0.27968675239046775,0.3049372776062163,0.2981033327584865,0.27140895902858175,0.2561900840290171,0.25539230045224975,0.19058353808655507,0.18974299961670663,0.19538757597241085,0.1964229777030378,0.12849578594283936,0.16588495614774385,0.24982924355980685,0.347872744444324,0.09253955682402083,0.1076544617696331,0.21078430132104753,0.31266796002058156,0.10507516877390966,0.0,0.08949380205169107,0.17600082767109476,0.3854915636385688,0.376051501155284,0.33999769919277484,0.3185625484158017,0.3127521911388797,0.23735162916006666,0.1978086531881215,0.21103200921997772,0.2169596014912519,0.18121261075651063,0.12147247494096301,0.17521567973022464,0.2642294335572366,0.16773491648018649,0.057851018576065345,0.125869713959339,0.22448248957726455,0.19384292378053128,0.08949380205169107,0.0,0.08661895007267865,0.46488137028159604,0.45440285219408993,0.41327006579740433,0.38884132125790033,0.3806472207264732,0.30045625287437194,0.23920109120350375,0.2574848542201772,0.26688915377884936,0.25149418886427427,0.13146007637732493,0.12302659086021585,0.18837893620979132,0.24867388064407042,0.10187490773771907,0.05821579331905144,0.1407522096390194,0.27968675239046775,0.17600082767109476,0.08661895007267865,0.0,F
