0.0,0.08589035763213045,0.19264581533260608,0.24185333487235797,0.25873722612582856,0.2968782834638509,0.3797654599560714,0.4121568536119068,0.43862459027778855,0.23509164511275596,0.3287151386381834,0.37204454599251346,0.40322713743934174,0.1673361063086871,0.27653111307929173,0.34504745029063316,0.399776593300706,0.11384966805039148,0.17871321970009743,0.19302938573660153,0.20235696970844247,0.08589035763213045,0.0,0.11071444699145719,0.16861766392162889,0.19602579233718762,0.21288113902081496,0.30009048104221175,0.3372395072731849,0.36693480921833593,0.1538518359110455,0.2553543962385581,0.30576308984774225,0.34122694184295826,0.09654500135968169,0.2109799630346991,0.2816837515812369,0.33678265465177326,0.0823209417059822,0.14475994527959338,0.16078366806141461,0.1707058079612304,0.19264581533260608,0.11071444699145719,0.0,0.06861321589010676,0.11119613726797138,0.1143122335285235,0.19049430377935073,0.22911594698331175,0.26089760588688865,0.06799026427941537,0.1503745227077765,0.20652470191504355,0.245824870239284,0.06706112670624731,0.1211241195329049,0.18766438877562203,0.24054322294837024,0.12274258130726158,0.13098963272888667,0.14088912633792872,0.14722614095451275,0.24185333487235797,0.16861766392162889,0.06861321589010676,0.0,0.04859361077052252,0.11884626198029706,0.14802602372745802,0.17360777835913244,0.20072110807745863,0.09860565928937569,0.0952330751328084,0.14149960575956164,0.17909582861212042,0.11276364995583418,0.07091101318905087,0.12451472270877063,0.17541431202328542,0.15904352113411654,0.1291008558256841,0.12900537826810698,0.12967143521104788,0.25873722612582856,0.19602579233718762,0.11119613726797138,0.04859361077052252,0.0,0.15899434516399183,0.15932828003867583,0.1678679034337126,0.186350292097301,0.14020661107080168,0.09436282246526043,0.11696669406026092,0.14757434958242363,0.14190463987466756,0.060210777921759044,0.09634062114008884,0.14620934592780496,0.17190893675587363,0.12000634901055567,0.11187436541487004,0.107773428355879,0.2968782834638509,0.21288113902081496,0.1143122335285235,0.11884626198029706,0.15899434516399183,0.0,0.11407223274513743,0.17081744710724053,0.21050549518001926,0.06609344897645143,0.11872919704002348,0.18679550696130395,0.23019012581305784,0.1417313801112602,0.13542423965289266,0.17946505046209515,0.22014660359810934,0.2159975426113711,0.21355192745561377,0.22183902253809554,0.2268540088158584,0.3797654599560714,0.30009048104221175,0.19049430377935073,0.14802602372745802,0.15932828003867583,0.11407223274513743,0.0,0.06030838428285612,0.10090804531121361,0.16133276339023545,0.07074448241760828,0.10792287748984775,0.14425623529280057,0.22239432297440706,0.13255226285664626,0.12013773813331408,0.13407690107792944,0.2863771209203142,0.25216907484629697,0.25113908395681617,0.25056543067018255,0.4121568536119068,0.3372395072731849,0.22911594698331175,0.17360777835913244,0.1678679034337126,0.17081744710724053,0.06030838428285612,0.0,0.04062368164954424,0.20910100147133304,0.08432496611150973,0.0739608800278399,0.09685762758008827,0.2597577317557018,0.1453265275216143,0.09953952507203369,0.08794520321702667,0.3152629007488604,0.2676181123260701,0.26194166863432383,0.25854092717563637,0.43862459027778855,0.36693480921833593,0.26089760588688865,0.20072110807745863,0.186350292097301,0.21050549518001926,0.10090804531121361,0.04062368164954424,0.0,0.24511781481334505,0.11337779310789305,0.07519159189043663,0.07769656754536826,0.2903338338009595,0.16739678082833512,0.1061803197600056,0.07179752690533628,0.3406324900547047,0.2862163575858852,0.2779487900912378,0.27293898283877893,0.23509164511275596,0.1538518359110455,0.06799026427941537,0.09860565928937569,0.14020661107080168,0.06609344897645143,0.16133276339023545,0.20910100147133304,0.24511781481334505,0.0,0.13602644642976386,0.2026127833371948,0.24520563740646636,0.07625365899530855,0.11917324884949972,0.18463195918378064,0.2355427689748263,0.15129208769055605,0.15957089177240227,0.17191046141480518,0.17948778796512266,0.3287151386381834,0.2553543962385581,0.1503745227077765,0.0952330751328084,0.09436282246526043,0.11872919704002348,0.07074448241760828,0.08432496611150973,0.11337779310789305,0.13602644642976386,0.0,0.06903922413143287,0.11253181551568017,0.17721760407503603,0.06471362265130662,0.06283350006618102,0.10260509331896185,0.23101645689751332,0.18665367865120708,0.18330442272759878,0.1816698847756921,0.37204454599251346,0.30576308984774225,0.20652470191504355,0.14149960575956164,0.11696669406026092,0.18679550696130395,0.10792287748984775,0.0739608800278399,0.07519159189043663,0.2026127833371948,0.06903922413143287,0.0,0.043569031969578724,0.23286314367038585,0.10322098915815207,0.034948226081541536,0.036482905654559694,0.2744270596485883,0.21495010514476715,0.2049997174209273,0.1991686797514085,0.40322713743934174,0.34122694184295826,0.245824870239284,0.17909582861212042,0.14757434958242363,0.23019012581305784,0.14425623529280057,0.09685762758008827,0.07769656754536826,0.24520563740646636,0.11253181551568017,0.043569031969578724,0.0,0.2708571786579711,0.1395714894747512,0.06544675709648562,0.018235922195928178,0.3062920938318345,0.2408261780641457,0.22803883673727562,0.22036937716984514,0.1673361063086871,0.09654500135968169,0.06706112670624731,0.11276364995583418,0.14190463987466756,0.1417313801112602,0.22239432297440706,0.2597577317557018,0.2903338338009595,0.07625365899530855,0.17721760407503603,0.23286314367038585,0.2708571786579711,0.0,0.132121096787038,0.20677890368717428,0.2627675269404435,0.07530897197107536,0.10329740384495724,0.12127818021460642,0.1322012549979674,0.27653111307929173,0.2109799630346991,0.1211241195329049,0.07091101318905087,0.060210777921759044,0.13542423965289266,0.13255226285664626,0.1453265275216143,0.16739678082833512,0.11917324884949972,0.06471362265130662,0.10322098915815207,0.1395714894747512,0.132121096787038,0.0,0.07477652270542345,0.13090907738077928,0.17375924644913932,0.12293375494683846,0.11989519730834736,0.11917732691520966,0.34504745029063316,0.2816837515812369,0.18766438877562203,0.12451472270877063,0.09634062114008884,0.17946505046209515,0.12013773813331408,0.09953952507203369,0.1061803197600056,0.18463195918378064,0.06283350006618102,0.034948226081541536,0.06544675709648562,0.20677890368717428,0.07477652270542345,0.0,0.05635771435602784,0.24442432284200183,0.18283656444701224,0.17308541365110025,0.1676155188019482,0.399776593300706,0.33678265465177326,0.24054322294837024,0.17541431202328542,0.14620934592780496,0.22014660359810934,0.13407690107792944,0.08794520321702667,0.07179752690533628,0.2355427689748263,0.10260509331896185,0.036482905654559694,0.018235922195928178,0.2627675269404435,0.13090907738077928,0.05635771435602784,0.0,0.3001782842115724,0.23587743565683833,0.22423136519824607,0.2173398416400386,0.11384966805039148,0.0823209417059822,0.12274258130726158,0.15904352113411654,0.17190893675587363,0.2159975426113711,0.2863771209203142,0.3152629007488604,0.3406324900547047,0.15129208769055605,0.23101645689751332,0.2744270596485883,0.3062920938318345,0.07530897197107536,0.17375924644913932,0.24442432284200183,0.3001782842115724,0.0,0.07870876006386894,0.09895548312156545,0.11147830083932958,0.17871321970009743,0.14475994527959338,0.13098963272888667,0.1291008558256841,0.12000634901055567,0.21355192745561377,0.25216907484629697,0.2676181123260701,0.2862163575858852,0.15957089177240227,0.18665367865120708,0.21495010514476715,0.2408261780641457,0.10329740384495724,0.12293375494683846,0.18283656444701224,0.23587743565683833,0.07870876006386894,0.0,0.021958041532133814,0.035249578318232916,0.19302938573660153,0.16078366806141461,0.14088912633792872,0.12900537826810698,0.11187436541487004,0.22183902253809554,0.25113908395681617,0.26194166863432383,0.2779487900912378,0.17191046141480518,0.18330442272759878,0.2049997174209273,0.22803883673727562,0.12127818021460642,0.11989519730834736,0.17308541365110025,0.22423136519824607,0.09895548312156545,0.021958041532133814,0.0,0.013320767929607347,0.20235696970844247,0.1707058079612304,0.14722614095451275,0.12967143521104788,0.107773428355879,0.2268540088158584,0.25056543067018255,0.25854092717563637,0.27293898283877893,0.17948778796512266,0.1816698847756921,0.1991686797514085,0.22036937716984514,0.1322012549979674,0.11917732691520966,0.1676155188019482,0.2173398416400386,0.11147830083932958,0.035249578318232916,0.013320767929607347,0.0,H
0.0,0.10548700041967206,0.19302237006017559,0.23680465502865122,0.26986009196009053,0.2817081346851628,0.37458869815986107,0.42773205870673253,0.4735826873860657,0.21780764340091036,0.3247881969593158,0.3916283191428374,0.4450060295239892,0.1594955416600878,0.25096851793199526,0.2290969554611955,0.199717619630472,0.13537772276577995,0.2137358046625232,0.1985815116228423,0.1716474899530996,0.10548700041967206,0.0,0.09352404719534997,0.154134422732141,0.20005649252557986,0.1793015973871298,0.277273555705325,0.3345802878814359,0.382770299166073,0.12376388132408794,0.23861941258495994,0.309406334928181,0.365117527300972,0.09794493356439256,0.1925886455331724,0.1810132672028943,0.16148960543080593,0.12963532612243053,0.18460990994058366,0.1785145320127032,0.16489763305740845,0.19302237006017559,0.09352404719534997,0.0,0.07511174196600234,0.12907641832714425,0.10072288006621588,0.18479027703572956,0.24166382547398324,0.2901024785017707,0.05772677819057901,0.1504743204465226,0.2213536824519879,0.27748658652938074,0.08871791218371756,0.13677376508511593,0.1391915240187194,0.13679393955507252,0.1533558249465154,0.16265105264177354,0.16685350195712145,0.1700043353577608,0.23680465502865122,0.154134422732141,0.07511174196600234,0.0,0.05514912750941063,0.12518693184468027,0.15321569976973473,0.19575291836418898,0.2388532185005198,0.09350130071445224,0.09662615852394234,0.1584503806906795,0.21237820761696521,0.10998936637489592,0.07984491802344125,0.09077369299466076,0.10452504831807082,0.16025642659631126,0.1263866160615772,0.13625134414201379,0.15198861247980094,0.26986009196009053,0.20005649252557986,0.12907641832714425,0.05514912750941063,0.0,0.166422069717005,0.1587785674220777,0.18396450274835094,0.2192349285594624,0.1372652220822334,0.08611147172983194,0.1282453410466157,0.17695314563324555,0.13961111912383659,0.05223285291643054,0.0705464023097312,0.09762373007326473,0.1731118528249832,0.11005126783191728,0.12413384773669932,0.14854475662116584,0.2817081346851628,0.1793015973871298,0.10072288006621588,0.12518693184468027,0.166422069717005,0.0,0.11995833993681734,0.1858463817147972,0.23727992868972442,0.07486272070796335,0.12783396437496938,0.19586376101871592,0.25031462534332555,0.15653187032607094,0.17894978658801017,0.19607895377455054,0.2051742364673824,0.23068016863077018,0.22716719107143143,0.23921026463580558,0.2497953189320067,0.37458869815986107,0.277273555705325,0.18479027703572956,0.15321569976973473,0.1587785674220777,0.11995833993681734,0.0,0.06622847084932565,0.11752694054902608,0.1662045435713247,0.079272629436098,0.10125899075901143,0.14423172017220487,0.23107338650381173,0.18661889617555188,0.2142650581978248,0.23836326432150048,0.29472093921983145,0.2531581143188406,0.2706739850979943,0.2924552939839392,0.42773205870673253,0.3345802878814359,0.24166382547398324,0.19575291836418898,0.18396450274835094,0.1858463817147972,0.06622847084932565,0.0,0.05144231237506461,0.2254376024709431,0.10848703712501279,0.07596760335498032,0.09345969640575716,0.28123389110231256,0.21401090978305576,0.2431222256663241,0.2716818858911524,0.33761139565772835,0.2818940037552228,0.3007190325142189,0.3262985574814255,0.4735826873860657,0.382770299166073,0.2901024785017707,0.2388532185005198,0.2192349285594624,0.23727992868972442,0.11752694054902608,0.05144231237506461,0.0,0.2750816989197333,0.15116895311129333,0.09545593874693951,0.0785981923097593,0.32663171148290665,0.24931312197371736,0.27824593186536795,0.30855784598397595,0.37872449861706686,0.31595736473431746,0.3351301084324485,0.36246281685069875,0.21780764340091036,0.12376388132408794,0.05772677819057901,0.09350130071445224,0.1372652220822334,0.07486272070796335,0.1662045435713247,0.2254376024709431,0.2750816989197333,0.0,0.13420080393674536,0.20999491479013035,0.2674788069959679,0.08199332768516723,0.13237672401876505,0.14131250572709556,0.1421623833763472,0.15651877290891653,0.16482117240368258,0.17452411804576198,0.1811431239461115,0.3247881969593158,0.23861941258495994,0.1504743204465226,0.09662615852394234,0.08611147172983194,0.12783396437496938,0.079272629436098,0.10848703712501279,0.15116895311129333,0.13420080393674536,0.0,0.07586374787426343,0.13330980735204453,0.1757478017034078,0.10924577584615038,0.13801111118467863,0.16474719544815364,0.22919127206071124,0.1768979203217282,0.19537122050751882,0.21956029359164633,0.3916283191428374,0.309406334928181,0.2213536824519879,0.1584503806906795,0.1282453410466157,0.19586376101871592,0.10125899075901143,0.07596760335498032,0.09545593874693951,0.20999491479013035,0.07586374787426343,0.0,0.057492274897162424,0.24564675197656238,0.15661596845915787,0.18485122999459627,0.21600753187292843,0.2899220199853677,0.22200262941400006,0.24096470993498428,0.26901525730043135,0.4450060295239892,0.365117527300972,0.27748658652938074,0.21237820761696521,0.17695314563324555,0.25031462534332555,0.14423172017220487,0.09345969640575716,0.0785981923097593,0.2674788069959679,0.13330980735204453,0.057492274897162424,0.0,0.3007759677535781,0.2047329549775718,0.23144415310408972,0.2634892819553182,0.34039987338308403,0.26620232597446425,0.28492543574714185,0.3142974429207008,0.1594955416600878,0.09794493356439256,0.08871791218371756,0.10998936637489592,0.13961111912383659,0.15653187032607094,0.23107338650381173,0.28123389110231256,0.32663171148290665,0.08199332768516723,0.1757478017034078,0.24564675197656238,0.3007759677535781,0.0,0.11276677375328409,0.10380528419652038,0.08699203178358163,0.07468864453339648,0.10788256665354003,0.11089977559835348,0.10858556183923164,0.25096851793199526,0.1925886455331724,0.13677376508511593,0.07984491802344125,0.05223285291643054,0.17894978658801017,0.18661889617555188,0.21401090978305576,0.24931312197371736,0.13237672401876505,0.10924577584615038,0.15661596845915787,0.2047329549775718,0.11276677375328409,0.0,0.03013296712642524,0.06020419469077358,0.1361088504988348,0.0679902727918673,0.08719541171262749,0.11392792867585025,0.2290969554611955,0.1810132672028943,0.1391915240187194,0.09077369299466076,0.0705464023097312,0.19607895377455054,0.2142650581978248,0.2431222256663241,0.27824593186536795,0.14131250572709556,0.13801111118467863,0.18485122999459627,0.23144415310408972,0.10380528419652038,0.03013296712642524,0.0,0.032275997933551154,0.11276763413561533,0.04037721539310385,0.05762279459991303,0.08441368823282364,0.199717619630472,0.16148960543080593,0.13679393955507252,0.10452504831807082,0.09762373007326473,0.2051742364673824,0.23836326432150048,0.2716818858911524,0.30855784598397595,0.1421623833763472,0.16474719544815364,0.21600753187292843,0.2634892819553182,0.08699203178358163,0.06020419469077358,0.032275997933551154,0.0,0.08183667462010247,0.02614163828255695,0.034387224328365995,0.0549036175002597,0.13537772276577995,0.12963532612243053,0.1533558249465154,0.16025642659631126,0.1731118528249832,0.23068016863077018,0.29472093921983145,0.33761139565772835,0.37872449861706686,0.15651877290891653,0.22919127206071124,0.2899220199853677,0.34039987338308403,0.07468864453339648,0.1361088504988348,0.11276763413561533,0.08183667462010247,0.0,0.08927169389059277,0.0795429486448856,0.05943567520683701,0.2137358046625232,0.18460990994058366,0.16265105264177354,0.1263866160615772,0.11005126783191728,0.22716719107143143,0.2531581143188406,0.2818940037552228,0.31595736473431746,0.16482117240368258,0.1768979203217282,0.22200262941400006,0.26620232597446425,0.10788256665354003,0.0679902727918673,0.04037721539310385,0.02614163828255695,0.08927169389059277,0.0,0.022619729860253145,0.051672003554812156,0.1985815116228423,0.1785145320127032,0.16685350195712145,0.13625134414201379,0.12413384773669932,0.23921026463580558,0.2706739850979943,0.3007190325142189,0.3351301084324485,0.17452411804576198,0.19537122050751882,0.24096470993498428,0.28492543574714185,0.11089977559835348,0.08719541171262749,0.05762279459991303,0.034387224328365995,0.0795429486448856,0.022619729860253145,0.0,0.03103515040659903,0.1716474899530996,0.16489763305740845,0.1700043353577608,0.15198861247980094,0.14854475662116584,0.2497953189320067,0.2924552939839392,0.3262985574814255,0.36246281685069875,0.1811431239461115,0.21956029359164633,0.26901525730043135,0.3142974429207008,0.10858556183923164,0.11392792867585025,0.08441368823282364,0.0549036175002597,0.05943567520683701,0.051672003554812156,0.03103515040659903,0.0,H
0.0,0.10864897847905476,0.19925632968723717,0.23454464021346072,0.2670415744948041,0.2795860769625911,0.36642316386588236,0.4150628369279329,0.46049550907070114,0.2119580236259043,0.32164721681659864,0.39290789056136133,0.45043175383462175,0.15643374220206058,0.2539614973331132,0.22544765927806049,0.19107671724604794,0.14113786662979036,0.21851798211034132,0.19646161862588415,0.16605646446061048,0.10864897847905476,0.0,0.09803472740962518,0.15355268715477827,0.19701595099004612,0.17294660762470365,0.26617079423412154,0.3199099552210743,0.36811385720038015,0.11471467937104846,0.23330722299796808,0.30799407976917803,0.3671689369086194,0.10016132176089469,0.19893858030113445,0.17814290275268232,0.15171655695067113,0.1477587730438131,0.19598491748665345,0.18250501144769668,0.16648320086875243,0.19925632968723717,0.09803472740962518,0.0,0.07415338013073974,0.12276331921214774,0.09344884804077627,0.1696219127563044,0.22249285665978347,0.2708604287048007,0.045081687051153764,0.14034092756072525,0.2143976632405019,0.2734100258452529,0.09459932811333231,0.14295131898468916,0.13623822437949665,0.12885323716588304,0.17255239606526176,0.17556960568007052,0.1740865917657593,0.176616375191956,0.23454464021346072,0.15355268715477827,0.07415338013073974,0.0,0.04907389830262497,0.13010396027006427,0.15048921188323455,0.18602090537505425,0.22790823022431334,0.08471123699479798,0.09378557534695676,0.15998697033336512,0.21730835708385166,0.1005959740357215,0.07994403784141717,0.08354543314604326,0.09433563331018051,0.16287260307182472,0.13007544554589348,0.13691464881266505,0.15255986312320072,0.2670415744948041,0.19701595099004612,0.12276331921214774,0.04907389830262497,0.0,0.16592737242102915,0.1544934374826562,0.1734665594125514,0.20780883659558183,0.1254556155370187,0.08315387185619048,0.1327014727428561,0.18599878751596075,0.12704210254824758,0.050520756036741596,0.06951816808503894,0.09658154121439536,0.17242795490505905,0.11494060615891546,0.12930754942774048,0.1540520813623383,0.2795860769625911,0.17294660762470365,0.09344884804077627,0.13010396027006427,0.16592737242102915,0.0,0.11475821630336451,0.1784801384085647,0.23006410867194818,0.08130429997218272,0.12899732979366135,0.19598047428870874,0.2514253840450691,0.16783239140507303,0.19248421438823876,0.19772866276250484,0.20066494969611054,0.25121095061439486,0.24361580501742708,0.24841471466519474,0.2567277632165939,0.36642316386588236,0.26617079423412154,0.1696219127563044,0.15048921188323455,0.1544934374826562,0.11475821630336451,0.0,0.06430688252015569,0.11561818428785742,0.1597640724371088,0.07657065881427108,0.09953698400125548,0.14478776444604977,0.22833301972726097,0.19034059686466698,0.21126044505527858,0.23190362365820932,0.3016873902111208,0.26008600662599424,0.27416895686702836,0.29485297783334813,0.4150628369279329,0.3199099552210743,0.22249285665978347,0.18602090537505425,0.1734665594125514,0.1784801384085647,0.06430688252015569,0.0,0.05163569973528002,0.21383717123086735,0.09842146783171254,0.06310009346795219,0.08674505523791425,0.2707809267504218,0.20797000440687205,0.2342965547591869,0.26139246697765667,0.33557952317056106,0.2800135943968898,0.29774998038444184,0.3232284977463244,0.46049550907070114,0.36811385720038015,0.2708604287048007,0.22790823022431334,0.20780883659558183,0.23006410867194818,0.11561818428785742,0.05163569973528002,0.0,0.26314083710855846,0.14086401913555574,0.07843950430750048,0.059254437215955295,0.3145430428659199,0.24011917757319812,0.2685489112666032,0.29852771818717566,0.37393363999213963,0.3111081433479865,0.3306306990028977,0.35848494978568135,0.2119580236259043,0.11471467937104846,0.045081687051153764,0.08471123699479798,0.1254556155370187,0.08130429997218272,0.1597640724371088,0.21383717123086735,0.26314083710855846,0.0,0.1294356684170293,0.20685829165934794,0.26692429189091266,0.08669863539132638,0.1361611911964693,0.1317131801167953,0.12616494834031558,0.17024999489033846,0.17196670525212324,0.17331351167802347,0.17818652806541604,0.32164721681659864,0.23330722299796808,0.14034092756072525,0.09378557534695676,0.08315387185619048,0.12899732979366135,0.07657065881427108,0.09842146783171254,0.14086401913555574,0.1294356684170293,0.0,0.07748055362202069,0.1375685585451802,0.17374301256938943,0.11522546632349971,0.13874111831495653,0.1637459528662718,0.23727878082868417,0.18640184027723047,0.20243034014495365,0.22626706433886107,0.39290789056136133,0.30799407976917803,0.2143976632405019,0.15998697033336512,0.1327014727428561,0.19598047428870874,0.09953698400125548,0.06310009346795219,0.07843950430750048,0.20685829165934794,0.07748055362202069,0.0,0.06012398625095491,0.2449263098233,0.16256204261809043,0.19152318050544603,0.2227488633046993,0.2984915645639803,0.23301079414032508,0.25283723859387136,0.28142761622432133,0.45043175383462175,0.3671689369086194,0.2734100258452529,0.21730835708385166,0.18599878751596075,0.2514253840450691,0.14478776444604977,0.08674505523791425,0.059254437215955295,0.26692429189091266,0.1375685585451802,0.06012398625095491,0.0,0.3029140725281431,0.21305285185104672,0.24297691279441117,0.2759956485873916,0.351525633329229,0.2801808081045392,0.30136849369043267,0.33175829615786057,0.15643374220206058,0.10016132176089469,0.09459932811333231,0.1005959740357215,0.12704210254824758,0.16783239140507303,0.22833301972726097,0.2707809267504218,0.3145430428659199,0.08669863539132638,0.17374301256938943,0.2449263098233,0.3029140725281431,0.0,0.11027862305092098,0.08768401058747147,0.061395745307742035,0.08360833468063285,0.10659963801707759,0.09949328811362969,0.09584131285473331,0.2539614973331132,0.19893858030113445,0.14295131898468916,0.07994403784141717,0.050520756036741596,0.19248421438823876,0.19034059686466698,0.20797000440687205,0.24011917757319812,0.1361611911964693,0.11522546632349971,0.16256204261809043,0.21305285185104672,0.11027862305092098,0.0,0.030553971015416657,0.06524815469811343,0.13898524754613414,0.07204940269225342,0.0908424683073768,0.11980972409576159,0.22544765927806049,0.17814290275268232,0.13623822437949665,0.08354543314604326,0.06951816808503894,0.19772866276250484,0.21126044505527858,0.2342965547591869,0.2685489112666032,0.1317131801167953,0.13874111831495653,0.19152318050544603,0.24297691279441117,0.08768401058747147,0.030553971015416657,0.0,0.03527318004754131,0.10896153815703771,0.04948586290366986,0.06372937751922902,0.09028832087949082,0.19107671724604794,0.15171655695067113,0.12885323716588304,0.09433563331018051,0.09658154121439536,0.20066494969611054,0.23190362365820932,0.26139246697765667,0.29852771818717566,0.12616494834031558,0.1637459528662718,0.2227488633046993,0.2759956485873916,0.061395745307742035,0.06524815469811343,0.03527318004754131,0.0,0.07630195140270896,0.04822498948172874,0.04775966121319802,0.06319055190535006,0.14113786662979036,0.1477587730438131,0.17255239606526176,0.16287260307182472,0.17242795490505905,0.25121095061439486,0.3016873902111208,0.33557952317056106,0.37393363999213963,0.17024999489033846,0.23727878082868417,0.2984915645639803,0.351525633329229,0.08360833468063285,0.13898524754613414,0.10896153815703771,0.07630195140270896,0.0,0.08555325815197608,0.06440449173068982,0.03661022141977342,0.21851798211034132,0.19598491748665345,0.17556960568007052,0.13007544554589348,0.11494060615891546,0.24361580501742708,0.26008600662599424,0.2800135943968898,0.3111081433479865,0.17196670525212324,0.18640184027723047,0.23301079414032508,0.2801808081045392,0.10659963801707759,0.07204940269225342,0.04948586290366986,0.04822498948172874,0.08555325815197608,0.0,0.024600560420184835,0.05823694593303918,0.19646161862588415,0.18250501144769668,0.1740865917657593,0.13691464881266505,0.12930754942774048,0.24841471466519474,0.27416895686702836,0.29774998038444184,0.3306306990028977,0.17331351167802347,0.20243034014495365,0.25283723859387136,0.30136849369043267,0.09949328811362969,0.0908424683073768,0.06372937751922902,0.04775966121319802,0.06440449173068982,0.024600560420184835,0.0,0.033910195508448836,0.16605646446061048,0.16648320086875243,0.176616375191956,0.15255986312320072,0.1540520813623383,0.2567277632165939,0.29485297783334813,0.3232284977463244,0.35848494978568135,0.17818652806541604,0.22626706433886107,0.28142761622432133,0.33175829615786057,0.09584131285473331,0.11980972409576159,0.09028832087949082,0.06319055190535006,0.03661022141977342,0.05823694593303918,0.033910195508448836,0.0,H
0.0,0.1110185972079878,0.21090829859831856,0.24966254898420506,0.2781709925599565,0.2964418775919932,0.3807128973123261,0.4268806995373969,0.4690394283052812,0.22768482298498877,0.33172106559060194,0.40168356669075306,0.45929226978311116,0.16491833590921123,0.2563764687750388,0.2260838494220257,0.189139320709501,0.13683354912858253,0.22424751961162637,0.2006915023868293,0.16600518257405547,0.1110185972079878,0.0,0.10610200111241051,0.16266091989829928,0.20118642593034522,0.1865530968849296,0.2766972673243763,0.32774772879110214,0.37301540407396105,0.1236355956906245,0.23848939157498025,0.31273700779310354,0.372662371855337,0.09251264994104869,0.19854876160523385,0.17691448118066194,0.14787522570769676,0.13435685464646294,0.19658283460882947,0.18171170961185615,0.16152526239897422,0.21090829859831856,0.10610200111241051,0.0,0.07532121439367183,0.12031083505136411,0.09802617983634004,0.1719247038759995,0.22243475054523848,0.26819528173437146,0.043482376450122255,0.13847898553991841,0.21272582212377172,0.272794651370817,0.08531183842019524,0.14536786488466127,0.14142477758740812,0.1347700357295938,0.1684171793371785,0.17895064602020064,0.1778124363761781,0.17928311796589888,0.24966254898420506,0.16266091989829928,0.07532121439367183,0.0,0.04552212277404594,0.13219070876891753,0.14953693988874409,0.1823639352851269,0.22085355828663694,0.09022996118707403,0.09008353232093579,0.15460916984110898,0.21227161426168129,0.10374058041896472,0.08844974885686073,0.09823467932142135,0.11126002851102428,0.16802342209491306,0.13827823686993948,0.14656752011333155,0.16280733767458025,0.2781709925599565,0.20118642593034522,0.12031083505136411,0.04552212277404594,0.0,0.16603077440407912,0.15424531730557767,0.17162774942216732,0.20254705014676297,0.1291684313630996,0.0818709358082156,0.1291012490406672,0.18250614826098974,0.13082135409825418,0.06525614908039334,0.08780682870014421,0.11437256012622973,0.17864108990364624,0.12420149833073754,0.1394031471221885,0.16460734500399862,0.2964418775919932,0.1865530968849296,0.09802617983634004,0.13219070876891753,0.16603077440407912,0.0,0.11353074659768886,0.17597690690938939,0.22628471937333636,0.07882586666498097,0.1276428138719371,0.19470655648106303,0.25152912118383497,0.16560101946351014,0.20298989509403417,0.21076830706774013,0.21435394346084938,0.25456967800353464,0.25341909808069724,0.2583439827310807,0.26583247918298913,0.3807128973123261,0.2766972673243763,0.1719247038759995,0.14953693988874409,0.15424531730557767,0.11353074659768886,0.0,0.06307777295145423,0.11330294505699773,0.15892953299068716,0.07867912325441537,0.10115610285282287,0.14726443079927223,0.22783228583235698,0.2038634415418806,0.22704834467507995,0.2480148841800994,0.3061408482986211,0.26882244827243634,0.28335388208587453,0.30415348047680996,0.4268806995373969,0.32774772879110214,0.22243475054523848,0.1823639352851269,0.17162774942216732,0.17597690690938939,0.06307777295145423,0.0,0.05038822603991917,0.2124316072267149,0.10013072742278584,0.06660059161505229,0.09115076278412851,0.2700660606558337,0.22037821708401845,0.24890237555447564,0.27642071218046976,0.3395207724895819,0.28674372938157866,0.30512954349590726,0.33127281920005036,0.4690394283052812,0.37301540407396105,0.26819528173437146,0.22085355828663694,0.20254705014676297,0.22628471937333636,0.11330294505699773,0.05038822603991917,0.0,0.2599699042512483,0.13991918713046322,0.07867030472956645,0.06248227180455646,0.31174034499964404,0.24875936538424184,0.27954074829634556,0.31026354142713514,0.37526596544370117,0.3138307529795027,0.33423557295347,0.3632365260294529,0.22768482298498877,0.1236355956906245,0.043482376450122255,0.09022996118707403,0.1291684313630996,0.07882586666498097,0.15892953299068716,0.2124316072267149,0.2599699042512483,0.0,0.12843553197347715,0.20592984466591333,0.2672714726160784,0.08698994110585889,0.14673574530875588,0.1452349627251224,0.14116004844957708,0.17621717642283027,0.1851920943493173,0.18631825725425227,0.18989720638772536,0.33172106559060194,0.23848939157498025,0.13847898553991841,0.09008353232093579,0.0818709358082156,0.1276428138719371,0.07867912325441537,0.10013072742278584,0.13991918713046322,0.12843553197347715,0.0,0.07760054411131438,0.13902925543737563,0.17197309614388237,0.1263576390335211,0.15190164328227013,0.1771955541421762,0.23958400036994057,0.19229755839463672,0.2086989542740719,0.2328715562796452,0.40168356669075306,0.31273700779310354,0.21272582212377172,0.15460916984110898,0.1291012490406672,0.19470655648106303,0.10115610285282287,0.06660059161505229,0.07867030472956645,0.20592984466591333,0.07760054411131438,0.0,0.061444728817502715,0.24337995639464743,0.1708359831018414,0.20223837576807965,0.23440173298964462,0.300167103216952,0.23544502828868555,0.25632236985354184,0.28631519482034945,0.45929226978311116,0.372662371855337,0.272794651370817,0.21227161426168129,0.18250614826098974,0.25152912118383497,0.14726443079927223,0.09115076278412851,0.06248227180455646,0.2672714726160784,0.13902925543737563,0.061444728817502715,0.0,0.3025405592292542,0.22048991999692732,0.2530323046840256,0.2874164204998114,0.35372195720540506,0.28145084278140453,0.30400005861259494,0.3363534002855699,0.16491833590921123,0.09251264994104869,0.08531183842019524,0.10374058041896472,0.13082135409825418,0.16560101946351014,0.22783228583235698,0.2700660606558337,0.31174034499964404,0.08698994110585889,0.17197309614388237,0.24337995639464743,0.3025405592292542,0.0,0.11280435110524395,0.09234799075111977,0.06909866265130646,0.08931439907822239,0.11956121791089082,0.11217947793652906,0.1069495812470245,0.2563764687750388,0.19854876160523385,0.14536786488466127,0.08844974885686073,0.06525614908039334,0.20298989509403417,0.2038634415418806,0.22037821708401845,0.24875936538424184,0.14673574530875588,0.1263576390335211,0.1708359831018414,0.22048991999692732,0.11280435110524395,0.0,0.03295146198573322,0.06970740910918345,0.1351032615429583,0.06656382409262597,0.08617033470829777,0.11704745275333515,0.2260838494220257,0.17691448118066194,0.14142477758740812,0.09823467932142135,0.08780682870014421,0.21076830706774013,0.22704834467507995,0.24890237555447564,0.27954074829634556,0.1452349627251224,0.15190164328227013,0.20223837576807965,0.2530323046840256,0.09234799075111977,0.03295146198573322,0.0,0.037595413923029015,0.10226605043722817,0.0435150586112467,0.05712661596021792,0.08497234866096769,0.189139320709501,0.14787522570769676,0.1347700357295938,0.11126002851102428,0.11437256012622973,0.21435394346084938,0.2480148841800994,0.27642071218046976,0.31026354142713514,0.14116004844957708,0.1771955541421762,0.23440173298964462,0.2874164204998114,0.06909866265130646,0.06970740910918345,0.037595413923029015,0.0,0.06633958831798566,0.05079792457399239,0.045346964471098,0.05678040542419671,0.13683354912858253,0.13435685464646294,0.1684171793371785,0.16802342209491306,0.17864108990364624,0.25456967800353464,0.3061408482986211,0.3395207724895819,0.37526596544370117,0.17621717642283027,0.23958400036994057,0.300167103216952,0.35372195720540506,0.08931439907822239,0.1351032615429583,0.10226605043722817,0.06633958831798566,0.0,0.09227895318467216,0.06946659517786577,0.038193890406067986,0.22424751961162637,0.19658283460882947,0.17895064602020064,0.13827823686993948,0.12420149833073754,0.25341909808069724,0.26882244827243634,0.28674372938157866,0.3138307529795027,0.1851920943493173,0.19229755839463672,0.23544502828868555,0.28145084278140453,0.11956121791089082,0.06656382409262597,0.0435150586112467,0.05079792457399239,0.09227895318467216,0.0,0.02561533302794773,0.06260264467129617,0.2006915023868293,0.18171170961185615,0.1778124363761781,0.14656752011333155,0.1394031471221885,0.2583439827310807,0.28335388208587453,0.30512954349590726,0.33423557295347,0.18631825725425227,0.2086989542740719,0.25632236985354184,0.30400005861259494,0.11217947793652906,0.08617033470829777,0.05712661596021792,0.045346964471098,0.06946659517786577,0.02561533302794773,0.0,0.03715105156520945,0.16600518257405547,0.16152526239897422,0.17928311796589888,0.16280733767458025,0.16460734500399862,0.26583247918298913,0.30415348047680996,0.33127281920005036,0.3632365260294529,0.18989720638772536,0.2328715562796452,0.28631519482034945,0.3363534002855699,0.1069495812470245,0.11704745275333515,0.08497234866096769,0.05678040542419671,0.038193890406067986,0.06260264467129617,0.03715105156520945,0.0,H
