0.0,0.05673066829426585,0.1284375474843831,0.18022011308787828,0.20199274456862257,0.20413373582797534,0.2526886476746541,0.18219592151940872,0.14676597524167384,0.21018663695628279,0.26622332042289737,0.1655714605602531,0.12359228357718405,0.21180334672581008,0.2668506547161799,0.17698569312446238,0.12210762498517652,0.2082568231143244,0.30779497659801264,0.3615307259656661,0.42570840405715565,0.05673066829426585,0.0,0.07951143873529878,0.14124170471348269,0.1729938670271267,0.17087310756230226,0.21855401910010522,0.14354100568571004,0.10616137194369885,0.18594070788588404,0.23919586527767517,0.13492324121991167,0.09031064766802625,0.1955672079216345,0.24646957960877872,0.1562817828135201,0.10136581561170271,0.20099369519659074,0.2957825804508314,0.34907188201873707,0.41238576396959015,0.1284375474843831,0.07951143873529878,0.0,0.06916178889016131,0.11293138569306364,0.1015640702305227,0.14619566310567017,0.07290877447974232,0.04626775779571885,0.12713131333952146,0.17433201745624008,0.08168241387158512,0.059954917708988614,0.14737443124393365,0.1899248410059117,0.11243612959197008,0.07975306791964946,0.1659542372808331,0.24691443576829644,0.29735516496854225,0.3575554001842391,0.18022011308787828,0.14124170471348269,0.06916178889016131,0.0,0.05060841600549582,0.042290651086296885,0.07939305282607871,0.008433468987547793,0.04364553102156534,0.06835511918104832,0.10634026297819178,0.042479131205084786,0.07309313709446176,0.09408896559586027,0.12527860802446927,0.06940820379435132,0.08047898311028477,0.1214973633459162,0.18552969808872957,0.23342925860617778,0.29188899846933614,0.20199274456862257,0.1729938670271267,0.11293138569306364,0.05060841600549582,0.0,0.05253038946397786,0.06655353954265891,0.04572559941176757,0.07468693886441277,0.04318811556070926,0.07030122708648923,0.040680221293471396,0.090732329093885,0.05603657977449524,0.07964004217852684,0.03796282019037132,0.08464754912754266,0.0814447971466146,0.13845330297494254,0.1876263584741999,0.24828749387246113,0.20413373582797534,0.17087310756230226,0.1015640702305227,0.042290651086296885,0.05253038946397786,0.0,0.05104143434656575,0.04640093346640083,0.08336267916747778,0.04037709630172116,0.07989572271421064,0.06944553901842239,0.10842931895645894,0.07436169333452985,0.10271994566697061,0.07861670787227236,0.10678506884651723,0.10973536146898663,0.161463338288537,0.206720409550314,0.26261350973320935,0.2526886476746541,0.21855401910010522,0.14619566310567017,0.07939305282607871,0.06655353954265891,0.05104143434656575,0.0,0.07932156058250754,0.12121676422241942,0.05793240598520344,0.045291790352807594,0.10062855773488497,0.1469665829393217,0.08555493269422398,0.07996581436960842,0.10246093068874129,0.1455164337737765,0.12222154906753954,0.13896605926447983,0.17628032614003164,0.22686350965622445,0.18219592151940872,0.14354100568571004,0.07290877447974232,0.008433468987547793,0.04572559941176757,0.04640093346640083,0.07932156058250754,0.0,0.042097544522275016,0.06882084416902076,0.10414641389177234,0.03729095758893221,0.07088340098638604,0.09283774404295055,0.1221570249109123,0.0650503784756223,0.07839163757693356,0.11920038039707737,0.1825101260864091,0.2305180588923447,0.2893112292977818,0.14676597524167384,0.10616137194369885,0.04626775779571885,0.04364553102156534,0.07468693886441277,0.08336267916747778,0.12121676422241942,0.042097544522275016,0.0,0.10053500652410588,0.14198445061296266,0.03925477917138254,0.032980510833793525,0.1166071355479595,0.15403642991857872,0.07321077847819529,0.05244106088595699,0.13324861316490702,0.21087350058126503,0.2615608837783078,0.32285605269531986,0.21018663695628279,0.18594070788588404,0.12713131333952146,0.06835511918104832,0.04318811556070926,0.04037709630172116,0.05793240598520344,0.06882084416902076,0.10053500652410588,0.0,0.05962920128239539,0.0717884253809457,0.1167180535324839,0.03486365691622913,0.07024636894758751,0.061046542475883946,0.10529275577529931,0.07228237379040975,0.1250483966747826,0.1732182503182499,0.23221638512213216,0.26622332042289737,0.23919586527767517,0.17433201745624008,0.10634026297819178,0.07030122708648923,0.07989572271421064,0.045291790352807594,0.10414641389177234,0.14198445061296266,0.05962920128239539,0.0,0.1108770587640035,0.16080483772339188,0.06796249906902418,0.036604978523190966,0.09823456346485643,0.15244592452640707,0.09804471644903415,0.09440736817654925,0.13295296290341418,0.18714335126959927,0.1655714605602531,0.13492324121991167,0.08168241387158512,0.042479131205084786,0.040680221293471396,0.06944553901842239,0.10062855773488497,0.03729095758893221,0.03925477917138254,0.0717884253809457,0.1108770587640035,0.0,0.05006352816938539,0.08161751695726772,0.11766183936219414,0.03528244944935835,0.04820040368106707,0.09699601376569804,0.17268583736688808,0.22393734833212794,0.2861800537011844,0.12359228357718405,0.09031064766802625,0.059954917708988614,0.07309313709446176,0.090732329093885,0.10842931895645894,0.1469665829393217,0.07088340098638604,0.032980510833793525,0.1167180535324839,0.16080483772339188,0.05006352816938539,0.0,0.12430172207335492,0.16621859043483994,0.07451297817445204,0.029743333788208204,0.13160183593230843,0.21794294940517367,0.27043351623813755,0.33380018270068873,0.21180334672581008,0.1955672079216345,0.14737443124393365,0.09408896559586027,0.05603657977449524,0.07436169333452985,0.08555493269422398,0.09283774404295055,0.1166071355479595,0.03486365691622913,0.06796249906902418,0.08161751695726772,0.12430172207335492,0.0,0.058708899441849614,0.05548022952080486,0.10579528627852514,0.038381508287500844,0.1028277714490521,0.15477656416016045,0.21719423077274028,0.2668506547161799,0.24646957960877872,0.1899248410059117,0.12527860802446927,0.07964004217852684,0.10271994566697061,0.07996581436960842,0.1221570249109123,0.15403642991857872,0.07024636894758751,0.036604978523190966,0.11766183936219414,0.16621859043483994,0.058708899441849614,0.0,0.09472274832124254,0.152387319522094,0.07583522249751314,0.062446228295430284,0.10839952526707239,0.16884853458033142,0.17698569312446238,0.1562817828135201,0.11243612959197008,0.06940820379435132,0.03796282019037132,0.07861670787227236,0.10246093068874129,0.0650503784756223,0.07321077847819529,0.061046542475883946,0.09823456346485643,0.03528244944935835,0.07451297817445204,0.05548022952080486,0.09472274832124254,0.0,0.05805006306271406,0.06299348529427885,0.1434851976446722,0.19627349060653457,0.26013850572935804,0.12210762498517652,0.10136581561170271,0.07975306791964946,0.08047898311028477,0.08464754912754266,0.10678506884651723,0.1455164337737765,0.07839163757693356,0.05244106088595699,0.10529275577529931,0.15244592452640707,0.04820040368106707,0.029743333788208204,0.10579528627852514,0.152387319522094,0.05805006306271406,0.0,0.10729992654506959,0.1992706415902382,0.25276000086637596,0.31711944590547003,0.2082568231143244,0.20099369519659074,0.1659542372808331,0.1214973633459162,0.0814447971466146,0.10973536146898663,0.12222154906753954,0.11920038039707737,0.13324861316490702,0.07228237379040975,0.09804471644903415,0.09699601376569804,0.13160183593230843,0.038381508287500844,0.07583522249751314,0.06299348529427885,0.10729992654506959,0.0,0.10005781864105394,0.15367644471296418,0.2183479800417546,0.30779497659801264,0.2957825804508314,0.24691443576829644,0.18552969808872957,0.13845330297494254,0.161463338288537,0.13896605926447983,0.1825101260864091,0.21087350058126503,0.1250483966747826,0.09440736817654925,0.17268583736688808,0.21794294940517367,0.1028277714490521,0.062446228295430284,0.1434851976446722,0.1992706415902382,0.10005781864105394,0.0,0.05397778573941956,0.1191020586516662,0.3615307259656661,0.34907188201873707,0.29735516496854225,0.23342925860617778,0.1876263584741999,0.206720409550314,0.17628032614003164,0.2305180588923447,0.2615608837783078,0.1732182503182499,0.13295296290341418,0.22393734833212794,0.27043351623813755,0.15477656416016045,0.10839952526707239,0.19627349060653457,0.25276000086637596,0.15367644471296418,0.05397778573941956,0.0,0.06542289633178966,0.42570840405715565,0.41238576396959015,0.3575554001842391,0.29188899846933614,0.24828749387246113,0.26261350973320935,0.22686350965622445,0.2893112292977818,0.32285605269531986,0.23221638512213216,0.18714335126959927,0.2861800537011844,0.33380018270068873,0.21719423077274028,0.16884853458033142,0.26013850572935804,0.31711944590547003,0.2183479800417546,0.1191020586516662,0.06542289633178966,0.0,I
0.0,0.06071273846999462,0.13461711214676753,0.19845282637678002,0.23708220368410513,0.2382623470218398,0.2784660283702359,0.21020494387575026,0.1712579524809081,0.24505141571074332,0.29061308856806606,0.1998001861756654,0.1482527955578922,0.24235149718561108,0.28641435034484575,0.1987574202839125,0.13482331468596526,0.23607480230068098,0.32736976556488157,0.3893858083858875,0.4518470666047013,0.06071273846999462,0.0,0.08060828907888924,0.15390022275263512,0.2027047167523544,0.19894064736192638,0.2377082867856112,0.16752742661624598,0.1275151939523584,0.21376333970497335,0.2564982962181779,0.16409294966716093,0.11121596115925421,0.218814855198472,0.259443356770553,0.17168194153900565,0.1090261661726456,0.2210169205279742,0.30774127110247995,0.3686368894682695,0.4302797315134465,0.13461711214676753,0.08060828907888924,0.0,0.07946011002928967,0.13821303881500155,0.1264742757654943,0.16263588581291763,0.09485887359046495,0.06141121003952267,0.1495335517684753,0.18793397709862794,0.1030438427533457,0.06581039279460406,0.1645164512188962,0.19965932798323363,0.1217460778119163,0.08104667140103115,0.17883125293800886,0.25420396457092287,0.31149905195020994,0.37054477648495043,0.19845282637678002,0.15390022275263512,0.07946011002928967,0.0,0.06412746833975483,0.05848588578629501,0.08598932297156589,0.016221726293134862,0.034733005342143145,0.07986132012457313,0.10975074248414342,0.042452700582990124,0.06484192473441514,0.1010445419820117,0.1263288702211522,0.07084138041704525,0.08439624179043194,0.12570181646239817,0.18405337361606025,0.23763360422004157,0.2948483341962426,0.23708220368410513,0.2027047167523544,0.13821303881500155,0.06412746833975483,0.0,0.06417620840461027,0.06506928560965393,0.04886231664353964,0.08061009180130008,0.047348888971846685,0.058562492477851315,0.03999519253440008,0.09639229556439728,0.05355094711139591,0.06380151884972887,0.04692718078694825,0.10525695412611284,0.07887664022444014,0.12170052051588585,0.17595589241376589,0.23492402668574075,0.2382623470218398,0.19894064736192638,0.1264742757654943,0.05848588578629501,0.06417620840461027,0.0,0.04596314999518849,0.05329443484524841,0.09083882387372846,0.04307111281132097,0.0763554425026276,0.07527836396882391,0.11594220937216963,0.080472755065128,0.10351722154194912,0.09183107265195473,0.12657417927554837,0.11821521569418716,0.15752960595018892,0.20438442160367357,0.25701437049882225,0.2784660283702359,0.2377082867856112,0.16263588581291763,0.08598932297156589,0.06506928560965393,0.04596314999518849,0.0,0.07449139726828077,0.11809547238020218,0.05529243503266708,0.046401449179443534,0.09341910946712802,0.1441113039110828,0.08844225712437512,0.08591586016725251,0.10877430106470436,0.1572472951165217,0.12703635972273394,0.13884058485372122,0.1772579917184056,0.2259764642621816,0.21020494387575026,0.16752742661624598,0.09485887359046495,0.016221726293134862,0.04886231664353964,0.05329443484524841,0.07449139726828077,0.0,0.043652389104868204,0.06937879800655877,0.09494366656858946,0.03418211104151759,0.07130893380107656,0.0899503545280593,0.11130379015389141,0.06298189957981401,0.0894039386780868,0.11571338325400302,0.16950995563029242,0.22255920915982702,0.27976112276762405,0.1712579524809081,0.1275151939523584,0.06141121003952267,0.034733005342143145,0.08061009180130008,0.09083882387372846,0.11809547238020218,0.043652389104868204,0.0,0.10403087457097684,0.1349659367296543,0.04370137093726331,0.03202100332078136,0.11503772230257002,0.14318921833940906,0.06696056072437152,0.056779150190610216,0.12950741262898588,0.1985542661636246,0.25564113451437087,0.3153449129108021,0.24505141571074332,0.21376333970497335,0.1495335517684753,0.07986132012457313,0.047348888971846685,0.04307111281132097,0.05529243503266708,0.06937879800655877,0.10403087457097684,0.0,0.05326665929673501,0.07187693623591702,0.12094918561480293,0.039204863852299925,0.06667069440838445,0.07383399264463651,0.1244176015231251,0.07938264120246116,0.11751450336344504,0.16844836075855704,0.22457592870248752,0.29061308856806606,0.2564982962181779,0.18793397709862794,0.10975074248414342,0.058562492477851315,0.0763554425026276,0.046401449179443534,0.09494366656858946,0.1349659367296543,0.05326665929673501,0.0,0.09786929163749167,0.15399922120472212,0.0659978358386332,0.04243998885460189,0.1009905387763061,0.1617242075446391,0.09910117992801488,0.09314615467943436,0.13383146488729897,0.18680937986269042,0.1998001861756654,0.16409294966716093,0.1030438427533457,0.042452700582990124,0.03999519253440008,0.07527836396882391,0.09341910946712802,0.03418211104151759,0.04370137093726331,0.07187693623591702,0.09786929163749167,0.0,0.056444256726160026,0.07613448008226742,0.10038250106096594,0.030697077524311157,0.06827828648314496,0.09122172913907631,0.15515001582326304,0.21258862873030593,0.2729693270807194,0.1482527955578922,0.11121596115925421,0.06581039279460406,0.06484192473441514,0.09639229556439728,0.11594220937216963,0.1441113039110828,0.07130893380107656,0.03202100332078136,0.12094918561480293,0.15399922120472212,0.056444256726160026,0.0,0.1225917110854336,0.154122446560103,0.06629701226598593,0.028877657748345557,0.12710203290672675,0.20503319929078495,0.26487848917830187,0.3265605915776744,0.24235149718561108,0.218814855198472,0.1645164512188962,0.1010445419820117,0.05355094711139591,0.080472755065128,0.08844225712437512,0.0899503545280593,0.11503772230257002,0.039204863852299925,0.0659978358386332,0.07613448008226742,0.1225917110854336,0.0,0.051377039054403585,0.06186197737201789,0.11900612408965773,0.04086036415009142,0.09359711295390727,0.1517627357026937,0.2122641468405351,0.28641435034484575,0.259443356770553,0.19965932798323363,0.1263288702211522,0.06380151884972887,0.10351722154194912,0.08591586016725251,0.11130379015389141,0.14318921833940906,0.06667069440838445,0.04243998885460189,0.10038250106096594,0.154122446560103,0.051377039054403585,0.0,0.0908655108222662,0.15584306527376787,0.06872617995173104,0.059126966104288914,0.11247643023137006,0.17272175679758597,0.1987574202839125,0.17168194153900565,0.1217460778119163,0.07084138041704525,0.04692718078694825,0.09183107265195473,0.10877430106470436,0.06298189957981401,0.06696056072437152,0.07383399264463651,0.1009905387763061,0.030697077524311157,0.06629701226598593,0.06186197737201789,0.0908655108222662,0.0,0.0654276666753176,0.06483496100340735,0.13893007669887517,0.1994378852029813,0.2617560589619599,0.13482331468596526,0.1090261661726456,0.08104667140103115,0.08439624179043194,0.10525695412611284,0.12657417927554837,0.1572472951165217,0.0894039386780868,0.056779150190610216,0.1244176015231251,0.1617242075446391,0.06827828648314496,0.028877657748345557,0.11900612408965773,0.15584306527376787,0.0654276666753176,0.0,0.11636776921253035,0.20162571102210958,0.2631854240430699,0.3258793864061731,0.23607480230068098,0.2210169205279742,0.17883125293800886,0.12570181646239817,0.07887664022444014,0.11821521569418716,0.12703635972273394,0.11571338325400302,0.12950741262898588,0.07938264120246116,0.09910117992801488,0.09122172913907631,0.12710203290672675,0.04086036415009142,0.06872617995173104,0.06483496100340735,0.11636776921253035,0.0,0.09200311845625737,0.15401241839286245,0.21687974679356295,0.32736976556488157,0.30774127110247995,0.25420396457092287,0.18405337361606025,0.12170052051588585,0.15752960595018892,0.13884058485372122,0.16950995563029242,0.1985542661636246,0.11751450336344504,0.09314615467943436,0.15515001582326304,0.20503319929078495,0.09359711295390727,0.059126966104288914,0.13893007669887517,0.20162571102210958,0.09200311845625737,0.0,0.062442974924102675,0.12591524307118165,0.3893858083858875,0.3686368894682695,0.31149905195020994,0.23763360422004157,0.17595589241376589,0.20438442160367357,0.1772579917184056,0.22255920915982702,0.25564113451437087,0.16844836075855704,0.13383146488729897,0.21258862873030593,0.26487848917830187,0.1517627357026937,0.11247643023137006,0.1994378852029813,0.2631854240430699,0.15401241839286245,0.062442974924102675,0.0,0.06363279807708293,0.4518470666047013,0.4302797315134465,0.37054477648495043,0.2948483341962426,0.23492402668574075,0.25701437049882225,0.2259764642621816,0.27976112276762405,0.3153449129108021,0.22457592870248752,0.18680937986269042,0.2729693270807194,0.3265605915776744,0.2122641468405351,0.17272175679758597,0.2617560589619599,0.3258793864061731,0.21687974679356295,0.12591524307118165,0.06363279807708293,0.0,I
0.0,0.058369501031388216,0.13235874801740494,0.19906177559122024,0.23433936702914096,0.22912150681206583,0.28232123603296905,0.21277294630797877,0.17218132008037762,0.23575519701733808,0.2947165743735669,0.2140927209243965,0.1711590686349999,0.23493375228615485,0.2877155173456364,0.19303147707591264,0.12522357429806033,0.23359641354161925,0.32736080575187876,0.3894333193298078,0.4547259932222252,0.058369501031388216,0.0,0.08135803109449073,0.15778405780213633,0.20345255190917175,0.1939376750403596,0.24605982986407976,0.17373922210103712,0.13173139888137614,0.20920503723384387,0.2652693974252205,0.18202569007303893,0.13739218005186093,0.21634394307947832,0.2650889295186627,0.16840223232553694,0.09955340599822537,0.22334668740274996,0.3126594692666502,0.37395743543161514,0.43877769728246635,0.13235874801740494,0.08135803109449073,0.0,0.08271235427977179,0.13927166662646043,0.12208378344946881,0.1712853529277969,0.09992278224217285,0.06195403728481999,0.14687193794995254,0.1975603066353777,0.11802335187795952,0.0790824783017517,0.1647117229171998,0.20655741240867204,0.11807981169803708,0.07135358211937794,0.18378633497581692,0.2615961993873699,0.3196238364892452,0.3820052986038379,0.19906177559122024,0.15778405780213633,0.08271235427977179,0.0,0.0635190601588308,0.05349162028695352,0.0913192299711336,0.017900985234089454,0.028449272652779058,0.07790475362371789,0.11696824455491579,0.04610158344847862,0.04304840429720281,0.1031082918626447,0.13174436844308837,0.06810991178883337,0.08571946681976358,0.13215423541455715,0.1910582626144397,0.24493149373501474,0.30502749721403905,0.23433936702914096,0.20345255190917175,0.13927166662646043,0.0635190601588308,0.0,0.0646207346600049,0.06972736866113523,0.049415502514048804,0.07757011834744433,0.04797506071834543,0.06662979150813751,0.02162884402591791,0.06653874983848823,0.05757889469272798,0.06994058727794146,0.046920956733440995,0.11027636665292376,0.08524501224610502,0.12922179808485382,0.18351430825779647,0.2451396194622079,0.22912150681206583,0.1939376750403596,0.12208378344946881,0.05349162028695352,0.0646207346600049,0.0,0.057474128153156764,0.04137191580670646,0.07550126731398563,0.04487391117256394,0.08790165842791776,0.0593819266609756,0.08159733394411291,0.08329438372756144,0.11175883889557828,0.08552416228887118,0.12032208797895165,0.12188551017993418,0.16824412228934899,0.2177041416192335,0.2742706638109977,0.28232123603296905,0.24605982986407976,0.1712853529277969,0.0913192299711336,0.06972736866113523,0.057474128153156764,0.0,0.07447778944813463,0.11781861389849871,0.06361753999076541,0.048837027900071016,0.08073905203139335,0.12003522186017322,0.09528664450717114,0.08900617875453841,0.11247832054609055,0.16535086522638073,0.13342173156197204,0.1444143165917776,0.182978690265249,0.23390866718953468,0.21277294630797877,0.17373922210103712,0.09992278224217285,0.017900985234089454,0.049415502514048804,0.04137191580670646,0.07447778944813463,0.0,0.043476775187844874,0.06317446451580128,0.09919139864044876,0.03561376171075661,0.05062385543602584,0.09058294767462081,0.11573054087466646,0.06444312485221478,0.09621680649331327,0.12231579008691704,0.17557860300042244,0.22832902029527571,0.2878236641006483,0.17218132008037762,0.13173139888137614,0.06195403728481999,0.028449272652779058,0.07757011834744433,0.07550126731398563,0.11781861389849871,0.043476775187844874,0.0,0.09295828119505777,0.13817152441712513,0.05650506127728521,0.025356505602346292,0.11040801876444868,0.14594211941366167,0.06328762877577107,0.05923507671088183,0.1327583179801512,0.20255805927418633,0.25954695021806096,0.32176016963108767,0.23575519701733808,0.20920503723384387,0.14687193794995254,0.07790475362371789,0.04797506071834543,0.04487391117256394,0.06361753999076541,0.06317446451580128,0.09295828119505777,0.0,0.06443164152180314,0.052108429692327,0.08590009501407377,0.03990574277177002,0.07442129886643155,0.06816153408196134,0.12163150260398413,0.08021356063348953,0.12690461632115826,0.1800050919870802,0.23964573552051152,0.2947165743735669,0.2652693974252205,0.1975603066353777,0.11696824455491579,0.06662979150813751,0.08790165842791776,0.048837027900071016,0.09919139864044876,0.13817152441712513,0.06443164152180314,0.0,0.0860740377884358,0.13118747766085312,0.07496748638052085,0.04401608853409349,0.10842668085260969,0.17370731330247377,0.10519202968651283,0.09628062254310087,0.13607906682988843,0.19088544645344088,0.2140927209243965,0.18202569007303893,0.11802335187795952,0.04610158344847862,0.02162884402591791,0.0593819266609756,0.08073905203139335,0.03561376171075661,0.05650506127728521,0.052108429692327,0.0860740377884358,0.0,0.045449013553997754,0.06451816669703216,0.08971377155437897,0.03490460860093035,0.09038734846405605,0.0908221399574007,0.14744598252013763,0.20342189882765999,0.2656341696922728,0.1711590686349999,0.13739218005186093,0.0790824783017517,0.04304840429720281,0.06653874983848823,0.08159733394411291,0.12003522186017322,0.05062385543602584,0.025356505602346292,0.08590009501407377,0.13118747766085312,0.045449013553997754,0.0,0.0945364089319687,0.13159867968392525,0.04034132478324022,0.04817928960677095,0.11157029963031886,0.18534496076350973,0.2441108187341312,0.30779515469290647,0.23493375228615485,0.21634394307947832,0.1647117229171998,0.1031082918626447,0.05757889469272798,0.08329438372756144,0.09528664450717114,0.09058294767462081,0.11040801876444868,0.03990574277177002,0.07496748638052085,0.06451816669703216,0.0945364089319687,0.0,0.05954111758516996,0.06168750741308827,0.12184561626896545,0.0406848375720367,0.10146020434239934,0.16041342729660366,0.2237908763462367,0.2877155173456364,0.2650889295186627,0.20655741240867204,0.13174436844308837,0.06994058727794146,0.11175883889557828,0.08900617875453841,0.11573054087466646,0.14594211941366167,0.07442129886643155,0.04401608853409349,0.08971377155437897,0.13159867968392525,0.05954111758516996,0.0,0.0982730392154331,0.16761305345543828,0.07355116270963273,0.0612417824358937,0.11374794874827866,0.17629774319609398,0.19303147707591264,0.16840223232553694,0.11807981169803708,0.06810991178883337,0.046920956733440995,0.08552416228887118,0.11247832054609055,0.06444312485221478,0.06328762877577107,0.06816153408196134,0.10842668085260969,0.03490460860093035,0.04034132478324022,0.06168750741308827,0.0982730392154331,0.0,0.06989108348489023,0.07305131384578771,0.14762544513454326,0.20778617137753957,0.27260380458813505,0.12522357429806033,0.09955340599822537,0.07135358211937794,0.08571946681976358,0.11027636665292376,0.12032208797895165,0.16535086522638073,0.09621680649331327,0.05923507671088183,0.12163150260398413,0.17370731330247377,0.09038734846405605,0.04817928960677095,0.12184561626896545,0.16761305345543828,0.06989108348489023,0.0,0.12754486325760922,0.21426535639299485,0.2755985041250203,0.3408355201969163,0.23359641354161925,0.22334668740274996,0.18378633497581692,0.13215423541455715,0.08524501224610502,0.12188551017993418,0.13342173156197204,0.12231579008691704,0.1327583179801512,0.08021356063348953,0.10519202968651283,0.0908221399574007,0.11157029963031886,0.0406848375720367,0.07355116270963273,0.07305131384578771,0.12754486325760922,0.0,0.09451630425654242,0.1563078993237896,0.2216124284417291,0.32736080575187876,0.3126594692666502,0.2615961993873699,0.1910582626144397,0.12922179808485382,0.16824412228934899,0.1444143165917776,0.17557860300042244,0.20255805927418633,0.12690461632115826,0.09628062254310087,0.14744598252013763,0.18534496076350973,0.10146020434239934,0.0612417824358937,0.14762544513454326,0.21426535639299485,0.09451630425654242,0.0,0.062231128667710876,0.12819253230113148,0.3894333193298078,0.37395743543161514,0.3196238364892452,0.24493149373501474,0.18351430825779647,0.2177041416192335,0.182978690265249,0.22832902029527571,0.25954695021806096,0.1800050919870802,0.13607906682988843,0.20342189882765999,0.2441108187341312,0.16041342729660366,0.11374794874827866,0.20778617137753957,0.2755985041250203,0.1563078993237896,0.062231128667710876,0.0,0.0661522354391576,0.4547259932222252,0.43877769728246635,0.3820052986038379,0.30502749721403905,0.2451396194622079,0.2742706638109977,0.23390866718953468,0.2878236641006483,0.32176016963108767,0.23964573552051152,0.19088544645344088,0.2656341696922728,0.30779515469290647,0.2237908763462367,0.17629774319609398,0.27260380458813505,0.3408355201969163,0.2216124284417291,0.12819253230113148,0.0661522354391576,0.0,I
0.0,0.06688235402195304,0.14612371039829042,0.21611412046626796,0.2488214760456857,0.24628650089066123,0.2982814811649246,0.2307825003086609,0.19291005054639965,0.2547266110166721,0.31091729923649736,0.2221939822688435,0.17309411859367257,0.2556807724645851,0.3060665029431238,0.20935937877245547,0.13730320951344135,0.25009981584671875,0.3456130986697962,0.4098122548714398,0.4734222118632637,0.06688235402195304,0.0,0.08376996996511285,0.16225401990736146,0.205206135007636,0.19649472551087432,0.24811183262820746,0.17891461352491322,0.13971210481667706,0.21311213229092302,0.2670008161717485,0.17683711920989403,0.12669934348886092,0.22224932591917998,0.26928861156479394,0.17212609345367336,0.10105299025672403,0.2257735539500409,0.31661188947729474,0.37971974615564985,0.4425692922876314,0.14612371039829042,0.08376996996511285,0.0,0.08471292801872643,0.1388121357264087,0.12109338103971098,0.17044877449935075,0.10263149063188334,0.066109730880242,0.1466296891924902,0.1957334452655958,0.11109173652397969,0.07056429453288832,0.1661402084218982,0.20687855697277946,0.11949815926285953,0.07508805513510948,0.18224251619281562,0.26117762352677,0.3207227963224202,0.3810792054572164,0.21611412046626796,0.16225401990736146,0.08471292801872643,0.0,0.061863170890438204,0.04997005302515189,0.08838370615603128,0.01844521209319615,0.024516171795776913,0.07381292979421565,0.11247763911314101,0.04170235771086286,0.054235040592239686,0.10025152653141606,0.12900531122072834,0.0686427745026525,0.09204093346234711,0.1276858331769345,0.18719110053051918,0.24255366334135905,0.30081868403520523,0.2488214760456857,0.205206135007636,0.1388121357264087,0.061863170890438204,0.0,0.06477680738650056,0.07051125372245187,0.04754132989481858,0.07333821889481568,0.04503335760814543,0.06613809669318224,0.028876090270978247,0.07993848926585322,0.05269274648622022,0.06948713208352815,0.04528703855151191,0.11266528607221393,0.07940815832599447,0.12689457153323472,0.18378553399060563,0.24411451525187994,0.24628650089066123,0.19649472551087432,0.12109338103971098,0.04997005302515189,0.06477680738650056,0.0,0.05645089650071004,0.038702957562888135,0.06994919755407424,0.04451952019860216,0.0870001867588506,0.06369603865238939,0.0941141292289061,0.08351064494737222,0.11177456361682107,0.08750709855836382,0.1258623895192094,0.12115898763359317,0.16741785130340006,0.2181206473115259,0.27296167440115165,0.2982814811649246,0.24811183262820746,0.17044877449935075,0.08838370615603128,0.07051125372245187,0.05645089650071004,0.0,0.07125159277975225,0.11164406064182332,0.05948204981424159,0.046299295656484565,0.08799148131259814,0.13382800599023684,0.09075135391824267,0.08614612390971187,0.11263954957021531,0.1695756520764629,0.13005245537256346,0.14046381200555424,0.18041963288171958,0.23023295660912724,0.2307825003086609,0.17891461352491322,0.10263149063188334,0.01844521209319615,0.04754132989481858,0.038702957562888135,0.07125159277975225,0.0,0.040448538277420155,0.05851647988130151,0.09409658194590548,0.03507327617554418,0.06519223464589657,0.08689559981217539,0.11215835573916916,0.06515737878070926,0.10296380735265061,0.1174937486058687,0.170848346071289,0.22507669048864115,0.28282146952934106,0.19291005054639965,0.13971210481667706,0.066109730880242,0.024516171795776913,0.07333821889481568,0.06994919755407424,0.11164406064182332,0.040448538277420155,0.0,0.0883197441748018,0.13154460630577583,0.04641740548633185,0.032683766498443165,0.10815507133577829,0.1422881859983933,0.06401963566585883,0.06941805504923342,0.12910173455451882,0.19842065843720236,0.2565866435118208,0.31662604848254644,0.2547266110166721,0.21311213229092302,0.1466296891924902,0.07381292979421565,0.04503335760814543,0.04451952019860216,0.05948204981424159,0.05851647988130151,0.0883197441748018,0.0,0.06231827541778683,0.058042410104136695,0.09983686281621869,0.04031977304366486,0.07394478640486445,0.06977149282603903,0.12710841465209455,0.08046377091360421,0.1260543966144373,0.18050653998716984,0.2383774711518927,0.31091729923649736,0.2670008161717485,0.1957334452655958,0.11247763911314101,0.06613809669318224,0.0870001867588506,0.046299295656484565,0.09409658194590548,0.13154460630577583,0.06231827541778683,0.0,0.093471496540262,0.14461091306677856,0.07152954053652011,0.04297156820261631,0.1081095772982473,0.17694818860267864,0.10417710839215036,0.09511183949977962,0.1367747145176674,0.19048943165805593,0.2221939822688435,0.17683711920989403,0.11109173652397969,0.04170235771086286,0.028876090270978247,0.06369603865238939,0.08799148131259814,0.03507327617554418,0.04641740548633185,0.058042410104136695,0.093471496540262,0.0,0.051470384021000605,0.06891071588733502,0.0973832607340817,0.031796986359818064,0.08648498576851538,0.09034740776480334,0.15292639731977653,0.2115624289806198,0.27250163578106135,0.17309411859367257,0.12669934348886092,0.07056429453288832,0.054235040592239686,0.07993848926585322,0.0941141292289061,0.13382800599023684,0.06519223464589657,0.032683766498443165,0.09983686281621869,0.14461091306677856,0.051470384021000605,0.0,0.10781228820934557,0.14582245078574127,0.05123731733149193,0.040436231528111564,0.11819054000641963,0.19729512091138537,0.25859277540162934,0.32087122153394887,0.2556807724645851,0.22224932591917998,0.1661402084218982,0.10025152653141606,0.05269274648622022,0.08351064494737222,0.09075135391824267,0.08689559981217539,0.10815507133577829,0.04031977304366486,0.07152954053652011,0.06891071588733502,0.10781228820934557,0.0,0.05725463156619188,0.06279097760181271,0.12750670839916622,0.04122348082361176,0.09918427232494721,0.15986182840638133,0.2214682508924372,0.3060665029431238,0.26928861156479394,0.20687855697277946,0.12900531122072834,0.06948713208352815,0.11177456361682107,0.08614612390971187,0.11215835573916916,0.1422881859983933,0.07394478640486445,0.04297156820261631,0.0973832607340817,0.14582245078574127,0.05725463156619188,0.0,0.0992876665672175,0.1720893382218668,0.0743125441243663,0.05999697692622627,0.11435043188847148,0.17527581557313887,0.20935937877245547,0.17212609345367336,0.11949815926285953,0.0686427745026525,0.04528703855151191,0.08750709855836382,0.11263954957021531,0.06515737878070926,0.06401963566585883,0.06977149282603903,0.1081095772982473,0.031796986359818064,0.05123731733149193,0.06279097760181271,0.0992876665672175,0.0,0.07327739290146569,0.06959491389130257,0.14706237487000554,0.20939091133488666,0.2725232793809362,0.13730320951344135,0.10105299025672403,0.07508805513510948,0.09204093346234711,0.11266528607221393,0.1258623895192094,0.1695756520764629,0.10296380735265061,0.06941805504923342,0.12710841465209455,0.17694818860267864,0.08648498576851538,0.040436231528111564,0.12750670839916622,0.1720893382218668,0.07327739290146569,0.0,0.12774736244146392,0.21723072592404508,0.28072490717281384,0.3442630818456084,0.25009981584671875,0.2257735539500409,0.18224251619281562,0.1276858331769345,0.07940815832599447,0.12115898763359317,0.13005245537256346,0.1174937486058687,0.12910173455451882,0.08046377091360421,0.10417710839215036,0.09034740776480334,0.11819054000641963,0.04122348082361176,0.0743125441243663,0.06959491389130257,0.12774736244146392,0.0,0.09628229302901457,0.16025490986035476,0.22388002221393663,0.3456130986697962,0.31661188947729474,0.26117762352677,0.18719110053051918,0.12689457153323472,0.16741785130340006,0.14046381200555424,0.170848346071289,0.19842065843720236,0.1260543966144373,0.09511183949977962,0.15292639731977653,0.19729512091138537,0.09918427232494721,0.05999697692622627,0.14706237487000554,0.21723072592404508,0.09628229302901457,0.0,0.06434827017994198,0.12854907036773422,0.4098122548714398,0.37971974615564985,0.3207227963224202,0.24255366334135905,0.18378553399060563,0.2181206473115259,0.18041963288171958,0.22507669048864115,0.2565866435118208,0.18050653998716984,0.1367747145176674,0.2115624289806198,0.25859277540162934,0.15986182840638133,0.11435043188847148,0.20939091133488666,0.28072490717281384,0.16025490986035476,0.06434827017994198,0.0,0.0643801202826711,0.4734222118632637,0.4425692922876314,0.3810792054572164,0.30081868403520523,0.24411451525187994,0.27296167440115165,0.23023295660912724,0.28282146952934106,0.31662604848254644,0.2383774711518927,0.19048943165805593,0.27250163578106135,0.32087122153394887,0.2214682508924372,0.17527581557313887,0.2725232793809362,0.3442630818456084,0.22388002221393663,0.12854907036773422,0.0643801202826711,0.0,I
