0.0,0.08744712436163178,0.19789883174717224,0.28575859406110127,0.3580260131647142,0.29455914318879206,0.42751907023806957,0.5047873903974756,0.5744087808264953,0.2850572353325801,0.3981559086567681,0.48171379188942526,0.5515536094511593,0.2549104746707924,0.24393906568759968,0.15734444154005833,0.1008966967224545,0.2173659483155062,0.19184737958670547,0.1310798159979354,0.0955855520202061,0.08744712436163178,0.0,0.11860126516893557,0.2148779118368934,0.2929716050665761,0.22294041390106215,0.35487809243670476,0.432325452194266,0.5027443552761308,0.22394831767464168,0.33774165060758166,0.4231603925029188,0.4952839186406012,0.20610726429459034,0.1990618603111599,0.12139558753547244,0.08719849655641289,0.1866350511615105,0.17086110345081076,0.13171901697679755,0.12068790737026185,0.19789883174717224,0.11860126516893557,0.0,0.10081272218484544,0.18217987098849983,0.10710440568334763,0.2369159486902053,0.3142137931192171,0.38473390452809586,0.12082698476189044,0.230637281640584,0.31625987814609435,0.38923293950681814,0.12751343616022826,0.14033324754061857,0.13057120796127272,0.15960169942528704,0.14719751709732043,0.1648271747523805,0.18244695174366324,0.2071280929945662,0.28575859406110127,0.2148779118368934,0.10081272218484544,0.0,0.08176206836242604,0.030918160125889733,0.14402944241479496,0.22095206502243678,0.29070257471363753,0.04340318581170219,0.1314533741236264,0.21643443849581456,0.289392810416628,0.08766408579683821,0.1209130962655744,0.17977915311082746,0.2349241057463199,0.14404950803390637,0.18609478343784466,0.2395362382192711,0.28126458882033584,0.3580260131647142,0.2929716050665761,0.18217987098849983,0.08176206836242604,0.0,0.08777993323201028,0.0927239116826626,0.15998944369404303,0.22529373726355417,0.07562974088251607,0.050935154227180764,0.1348891583505967,0.2077234607904536,0.11733376700809169,0.15200944709015055,0.2390710213565505,0.30271814106934214,0.1787062576985318,0.22852114221066197,0.2972813737519859,0.34641408415889025,0.29455914318879206,0.22294041390106215,0.10710440568334763,0.030918160125889733,0.08777993323201028,0.0,0.13343296588537645,0.210713650212509,0.28070642687493896,0.0546881410257141,0.13760511679704354,0.22076812490364026,0.2926516307930333,0.10583665825821637,0.14774012460295863,0.2022203632531431,0.2527608870171194,0.1640482149265774,0.21007631397510113,0.26053695367620133,0.2991916691885865,0.42751907023806957,0.35487809243670476,0.2369159486902053,0.14402944241479496,0.0927239116826626,0.13343296588537645,0.0,0.07750430802909924,0.14787487334286303,0.1532290120485123,0.10180373673927479,0.1393589380897909,0.19896204564899256,0.20449413911215156,0.24181583628697434,0.3200197726661834,0.378260189782596,0.2679671120905382,0.31729991970151933,0.38017308016893725,0.42458929730260647,0.5047873903974756,0.432325452194266,0.3142137931192171,0.22095206502243678,0.15998944369404303,0.210713650212509,0.07750430802909924,0.0,0.07056960233062641,0.22705843338489426,0.14765306021415706,0.13725499941083177,0.17076790730369448,0.27536066244224416,0.31106186611679976,0.3943305640025781,0.4543724611206653,0.3379795195903567,0.3880606568640036,0.45431805616617854,0.5003944844306819,0.5744087808264953,0.5027443552761308,0.38473390452809586,0.29070257471363753,0.22529373726355417,0.28070642687493896,0.14787487334286303,0.07056960233062641,0.0,0.2942968558056397,0.20365929935877286,0.1650592905549182,0.1678917006483039,0.3402621634984367,0.37516711588951074,0.4619957716977189,0.5234708101410608,0.401817358280967,0.452635729310312,0.5215346781374496,0.5690373218327027,0.2850572353325801,0.22394831767464168,0.12082698476189044,0.04340318581170219,0.07562974088251607,0.0546881410257141,0.1532290120485123,0.22705843338489426,0.2942968558056397,0.0,0.11723337632031768,0.20284276219868233,0.2745242137786737,0.05592933576028512,0.10613135828957274,0.17946172150435413,0.23834262410526777,0.11925045947688041,0.17306862714716376,0.23554353365251654,0.2814301009060188,0.3981559086567681,0.33774165060758166,0.230637281640584,0.1314533741236264,0.050935154227180764,0.13760511679704354,0.10180373673927479,0.14765306021415706,0.20365929935877286,0.11723337632031768,0.0,0.08606503265337236,0.15871329701552458,0.14697527511784542,0.17741097295919558,0.2735296478041808,0.34059397249766266,0.2030805071627081,0.2539671132158814,0.3291574957519343,0.3819360104811776,0.48171379188942526,0.4231603925029188,0.31625987814609435,0.21643443849581456,0.1348891583505967,0.22076812490364026,0.1393589380897909,0.13725499941083177,0.1650592905549182,0.20284276219868233,0.08606503265337236,0.0,0.0731080702275653,0.22783998308648942,0.2524115012645533,0.35218458261069274,0.42133637494639853,0.2781935634017689,0.32686965488427494,0.40570374624410394,0.4609723885903573,0.5515536094511593,0.4952839186406012,0.38923293950681814,0.289392810416628,0.2077234607904536,0.2926516307930333,0.19896204564899256,0.17076790730369448,0.1678917006483039,0.2745242137786737,0.15871329701552458,0.0731080702275653,0.0,0.29676876814976194,0.3196441283223238,0.4208824765588233,0.49090295663089406,0.34359955941652154,0.391622952186316,0.4723722032849359,0.5290295641744803,0.2549104746707924,0.20610726429459034,0.12751343616022826,0.08766408579683821,0.11733376700809169,0.10583665825821637,0.20449413911215156,0.27536066244224416,0.3402621634984367,0.05592933576028512,0.14697527511784542,0.22783998308648942,0.29676876814976194,0.0,0.06281838336780089,0.14207015835337597,0.2047264278532744,0.0643737961610856,0.12337532410050574,0.19274010980232423,0.2432174175706591,0.24393906568759968,0.1990618603111599,0.14033324754061857,0.1209130962655744,0.15200944709015055,0.14774012460295863,0.24181583628697434,0.31106186611679976,0.37516711588951074,0.10613135828957274,0.17741097295919558,0.2524115012645533,0.3196441283223238,0.06281838336780089,0.0,0.1026764380789011,0.17335196335200972,0.053575433467842,0.07776921935680801,0.15329565698381578,0.20941968857142174,0.15734444154005833,0.12139558753547244,0.13057120796127272,0.17977915311082746,0.2390710213565505,0.2022203632531431,0.3200197726661834,0.3943305640025781,0.4619957716977189,0.17946172150435413,0.2735296478041808,0.35218458261069274,0.4208824765588233,0.14207015835337597,0.1026764380789011,0.0,0.07167967136975417,0.10356662530597606,0.05965253670531042,0.061734333355444704,0.11000747790573694,0.1008966967224545,0.08719849655641289,0.15960169942528704,0.2349241057463199,0.30271814106934214,0.2527608870171194,0.378260189782596,0.4543724611206653,0.5234708101410608,0.23834262410526777,0.34059397249766266,0.42133637494639853,0.49090295663089406,0.2047264278532744,0.17335196335200972,0.07167967136975417,0.0,0.16462935815635987,0.11924311779128823,0.05218167190247721,0.048935101857069126,0.2173659483155062,0.1866350511615105,0.14719751709732043,0.14404950803390637,0.1787062576985318,0.1640482149265774,0.2679671120905382,0.3379795195903567,0.401817358280967,0.11925045947688041,0.2030805071627081,0.2781935634017689,0.34359955941652154,0.0643737961610856,0.053575433467842,0.10356662530597606,0.16462935815635987,0.0,0.0677424416254218,0.14110686512949755,0.19518454940940208,0.19184737958670547,0.17086110345081076,0.1648271747523805,0.18609478343784466,0.22852114221066197,0.21007631397510113,0.31729991970151933,0.3880606568640036,0.452635729310312,0.17306862714716376,0.2539671132158814,0.32686965488427494,0.391622952186316,0.12337532410050574,0.07776921935680801,0.05965253670531042,0.11924311779128823,0.0677424416254218,0.0,0.08378550142237681,0.14345533099940963,0.1310798159979354,0.13171901697679755,0.18244695174366324,0.2395362382192711,0.2972813737519859,0.26053695367620133,0.38017308016893725,0.45431805616617854,0.5215346781374496,0.23554353365251654,0.3291574957519343,0.40570374624410394,0.4723722032849359,0.19274010980232423,0.15329565698381578,0.061734333355444704,0.05218167190247721,0.14110686512949755,0.08378550142237681,0.0,0.06053145847580627,0.0955855520202061,0.12068790737026185,0.2071280929945662,0.28126458882033584,0.34641408415889025,0.2991916691885865,0.42458929730260647,0.5003944844306819,0.5690373218327027,0.2814301009060188,0.3819360104811776,0.4609723885903573,0.5290295641744803,0.2432174175706591,0.20941968857142174,0.11000747790573694,0.048935101857069126,0.19518454940940208,0.14345533099940963,0.06053145847580627,0.0,K
0.0,0.08681900848376185,0.20137614358088604,0.2950843193629698,0.3674774079768266,0.2966319017716015,0.4263013320756842,0.504082603517668,0.5764095654976585,0.28707701261992535,0.39736520067368203,0.48187017937080523,0.5541553022116273,0.25652107906988186,0.2458740896958454,0.15203693561489368,0.08891928200869573,0.21879885455991518,0.19286086810005654,0.12124733492234162,0.07608772389841806,0.08681900848376185,0.0,0.12242852486947006,0.2244508415847113,0.30183318238466,0.2234090826115708,0.35242100334517484,0.43038346892909124,0.5033740894306318,0.22352888429936127,0.3360309001055934,0.42270874630072774,0.49700120800221986,0.20473284706730113,0.1995250157285754,0.11362214183728125,0.07192289527881116,0.18393008405300934,0.16828664244158872,0.11978010974379175,0.10613418820469185,0.20137614358088604,0.12242852486947006,0.0,0.10626374835224915,0.1862825334173977,0.10262897513639617,0.2302868016069249,0.3081706309702531,0.3812225552739192,0.11406919854776415,0.22442555609427847,0.3115142147131089,0.3863885484475545,0.1195639334419128,0.13336798204852654,0.11911797101822187,0.15062132592601932,0.1380953612736102,0.15434950104447565,0.16990168248011525,0.1975929734903444,0.2950843193629698,0.2244508415847113,0.10626374835224915,0.0,0.08027678019106498,0.02793335174603314,0.13298887089753464,0.20993932771510324,0.28199073774564026,0.033395820718544585,0.12011245477096646,0.20654113714430794,0.28122604159400877,0.08248373756292932,0.11565537021565807,0.17760047255188394,0.23549023649114528,0.1395791608191182,0.1792300159845268,0.2345910536670829,0.2794650233583124,0.3674774079768266,0.30183318238466,0.1862825334173977,0.08027678019106498,0.0,0.09352078967942667,0.08512945550769782,0.1497183524661235,0.21679686044122018,0.08124500495930682,0.04278737307641309,0.12687703120609586,0.20121882954070633,0.1214090935109921,0.1522531069238948,0.2401570489195658,0.305305312577724,0.1803750890797591,0.22526221704477065,0.2950932190845069,0.34630250345125607,0.2966319017716015,0.2234090826115708,0.10262897513639617,0.02793335174603314,0.09352078967942667,0.0,0.13020941952107024,0.20815214164742707,0.28085247027035426,0.052092638060286696,0.1355457024391784,0.21996443976497965,0.2936024698445892,0.1022823005179633,0.13892473558557847,0.19073464674745738,0.24286629964493991,0.158095047925166,0.19790672789967997,0.24704242010986485,0.28779444745984234,0.4263013320756842,0.35242100334517484,0.2302868016069249,0.13298887089753464,0.08512945550769782,0.13020941952107024,0.0,0.07803312727401639,0.15098665313986973,0.1487796338527063,0.10104208564831768,0.1406691332271134,0.20139688569208472,0.19897899953782183,0.23133157645519659,0.3084331155890362,0.36752510303133096,0.2598237040088636,0.30305283092205343,0.36577056822279824,0.4120317497806142,0.504082603517668,0.43038346892909124,0.3081706309702531,0.20993932771510324,0.1497183524661235,0.20815214164742707,0.07803312727401639,0.0,0.07309330046282074,0.2231296293078205,0.1458467146102367,0.13590440482969743,0.16979566660763165,0.2701254038482737,0.30036267979009984,0.38318148785664213,0.44415799014705276,0.3299723729582734,0.3736324627888373,0.440228408072003,0.4882468199298826,0.5764095654976585,0.5033740894306318,0.3812225552739192,0.28199073774564026,0.21679686044122018,0.28085247027035426,0.15098665313986973,0.07309330046282074,0.0,0.29326655188852535,0.20421372525592643,0.16433081896071064,0.1651180904836987,0.33787702408161974,0.3668885309674813,0.45350284710145455,0.5159312488972781,0.39658882802094475,0.440624513675914,0.5100486254331413,0.5594757945157929,0.28707701261992535,0.22352888429936127,0.11406919854776415,0.033395820718544585,0.08124500495930682,0.052092638060286696,0.1487796338527063,0.2231296293078205,0.29326655188852535,0.0,0.11489818266685833,0.20192322368835913,0.2760404591457111,0.05480766258978156,0.09670208919639375,0.1683745521201462,0.22952326866677256,0.11546809597939374,0.16128777974490738,0.2226987994676866,0.27053607191639,0.39736520067368203,0.3360309001055934,0.22442555609427847,0.12011245477096646,0.04278737307641309,0.1355457024391784,0.10104208564831768,0.1458467146102367,0.20421372525592643,0.11489818266685833,0.0,0.08733285919466917,0.16205654780586018,0.14327464905171972,0.16863329172767166,0.2649118423526959,0.33333878603677464,0.19686998439626557,0.24157044547811773,0.31738160810293664,0.3718276718148361,0.48187017937080523,0.42270874630072774,0.3115142147131089,0.20654113714430794,0.12687703120609586,0.21996443976497965,0.1406691332271134,0.13590440482969743,0.16433081896071064,0.20192322368835913,0.08733285919466917,0.0,0.07500666756414426,0.22570908077454557,0.2458027266763804,0.34606499700293974,0.4163978456550203,0.27358787588488576,0.3163690229929649,0.39620073306567377,0.45295652840129175,0.5541553022116273,0.49700120800221986,0.3863885484475545,0.28122604159400877,0.20121882954070633,0.2936024698445892,0.20139688569208472,0.16979566660763165,0.1651180904836987,0.2760404591457111,0.16205654780586018,0.07500666756414426,0.0,0.2976545904347342,0.3161285518044472,0.4177945726977199,0.48888238172112086,0.3423991065719549,0.3844179116871827,0.4660603575433173,0.5239448260482996,0.25652107906988186,0.20473284706730113,0.1195639334419128,0.08248373756292932,0.1214090935109921,0.1022823005179633,0.19897899953782183,0.2701254038482737,0.33787702408161974,0.05480766258978156,0.14327464905171972,0.22570908077454557,0.2976545904347342,0.0,0.051003070411524666,0.13079548123979573,0.19681606369549975,0.06170549833975599,0.11133067730735392,0.18015890901774234,0.23270563738368466,0.2458740896958454,0.1995250157285754,0.13336798204852654,0.11565537021565807,0.1522531069238948,0.13892473558557847,0.23133157645519659,0.30036267979009984,0.3668885309674813,0.09670208919639375,0.16863329172767166,0.2458027266763804,0.3161285518044472,0.051003070411524666,0.0,0.1029578024062643,0.1750457175806911,0.044550425067921964,0.0738208861870024,0.15040945644961798,0.20795049069082583,0.15203693561489368,0.11362214183728125,0.11911797101822187,0.17760047255188394,0.2401570489195658,0.19073464674745738,0.3084331155890362,0.38318148785664213,0.45350284710145455,0.1683745521201462,0.2649118423526959,0.34606499700293974,0.4177945726977199,0.13079548123979573,0.1029578024062643,0.0,0.07272865360064436,0.09247035993483403,0.06007815979663551,0.058695275998182896,0.1084293881017557,0.08891928200869573,0.07192289527881116,0.15062132592601932,0.23549023649114528,0.305305312577724,0.24286629964493991,0.36752510303133096,0.44415799014705276,0.5159312488972781,0.22952326866677256,0.33333878603677464,0.4163978456550203,0.48888238172112086,0.19681606369549975,0.1750457175806911,0.07272865360064436,0.0,0.15847453612012133,0.12339096200248956,0.054005362012496234,0.048546323562131254,0.21879885455991518,0.18393008405300934,0.1380953612736102,0.1395791608191182,0.1803750890797591,0.158095047925166,0.2598237040088636,0.3299723729582734,0.39658882802094475,0.11546809597939374,0.19686998439626557,0.27358787588488576,0.3423991065719549,0.06170549833975599,0.044550425067921964,0.09247035993483403,0.15847453612012133,0.0,0.05559501562511834,0.12969990418013352,0.18609567299403368,0.19286086810005654,0.16828664244158872,0.15434950104447565,0.1792300159845268,0.22526221704477065,0.19790672789967997,0.30305283092205343,0.3736324627888373,0.440624513675914,0.16128777974490738,0.24157044547811773,0.3163690229929649,0.3844179116871827,0.11133067730735392,0.0738208861870024,0.06007815979663551,0.12339096200248956,0.05559501562511834,0.0,0.08426152628597358,0.14484698184236638,0.12124733492234162,0.11978010974379175,0.16990168248011525,0.2345910536670829,0.2950932190845069,0.24704242010986485,0.36577056822279824,0.440228408072003,0.5100486254331413,0.2226987994676866,0.31738160810293664,0.39620073306567377,0.4660603575433173,0.18015890901774234,0.15040945644961798,0.058695275998182896,0.054005362012496234,0.12969990418013352,0.08426152628597358,0.0,0.061095305427946806,0.07608772389841806,0.10613418820469185,0.1975929734903444,0.2794650233583124,0.34630250345125607,0.28779444745984234,0.4120317497806142,0.4882468199298826,0.5594757945157929,0.27053607191639,0.3718276718148361,0.45295652840129175,0.5239448260482996,0.23270563738368466,0.20795049069082583,0.1084293881017557,0.048546323562131254,0.18609567299403368,0.14484698184236638,0.061095305427946806,0.0,K
0.0,0.09030524054776455,0.20617878623518313,0.3000878636082441,0.3696970444573066,0.2991002136525609,0.4268103995028908,0.5055801286255562,0.5785942188293215,0.2895044331196207,0.40290461262769545,0.49044318335860837,0.5651428253641968,0.2577515544586641,0.25221467337373543,0.1575319751920162,0.09246491923390983,0.21924261101892678,0.20336680743136287,0.13133252835111542,0.08182267247529063,0.09030524054776455,0.0,0.1232662343920623,0.2255927638368964,0.30016967408453243,0.22132293001805065,0.34832428361165,0.42720611474066933,0.5008411014952439,0.22149572910783633,0.3373216513942834,0.4268757400775703,0.5034364189723406,0.2023945572091062,0.203375362870293,0.11821780489496757,0.07702408241974959,0.182496446601098,0.17695364342522021,0.12754781592776637,0.10968931308637601,0.20617878623518313,0.1232662343920623,0.0,0.10675619993925788,0.18402881986305486,0.09947816157032593,0.22524370483796896,0.3040622919921647,0.37774307367148585,0.1109822285738307,0.22460481462529475,0.31432067741758085,0.3912837584122915,0.11808504415781854,0.13760871198259106,0.12363104451965808,0.15509054176868775,0.14015267259790853,0.16037732739344768,0.17182915729038686,0.1969779408891143,0.3000878636082441,0.2255927638368964,0.10675619993925788,0.0,0.07754635749394526,0.02997139232075823,0.12895466305641198,0.2065910583968376,0.27910472486578225,0.031168784798098266,0.11944820337644756,0.20851919593882956,0.2852604652872849,0.08393287893214581,0.11814528869086889,0.1798282310272686,0.23874606953780542,0.14422410418471066,0.18030113207736995,0.2322756562745452,0.27631436453181774,0.3696970444573066,0.30016967408453243,0.18402881986305486,0.07754635749394526,0.0,0.09518227237718155,0.08656151822376783,0.1507279799408045,0.21788535592078215,0.081004123679364,0.043737395667643536,0.13129028051170152,0.20780038502741116,0.12221036758553455,0.150670547512414,0.23858377949285747,0.30510647758709725,0.1833864318363055,0.2212866710025475,0.2883222282891581,0.3392600711230537,0.2991002136525609,0.22132293001805065,0.09947816157032593,0.02997139232075823,0.09518227237718155,0.0,0.12831008866661114,0.20723726798790665,0.2805674644986287,0.05247783437527654,0.13873471524547287,0.22556050222348917,0.3011984556246061,0.10494489554987659,0.14240823239011738,0.19187846365270692,0.2441329183474452,0.16306414475494516,0.1994876853942831,0.24402910624987403,0.2831304362220079,0.4268103995028908,0.34832428361165,0.22524370483796896,0.12895466305641198,0.08656151822376783,0.12831008866661114,0.0,0.07899783797966743,0.15256811638012827,0.14724496283067273,0.101182978995985,0.14471709340729144,0.2082238109637797,0.19980336234878684,0.23032340953337357,0.30636692498893103,0.3662117948390587,0.2629517767225077,0.2999300672404124,0.35928249273590335,0.4046841293921102,0.5055801286255562,0.42720611474066933,0.3040622919921647,0.2065910583968376,0.1507279799408045,0.20723726798790665,0.07899783797966743,0.0,0.07372294727098354,0.22249779416494767,0.14417798345234986,0.1359400581942716,0.17314042257322723,0.27167636655347405,0.29924486113436666,0.38155256843183327,0.44351457816991086,0.3337935959873592,0.3703361731929168,0.4340467354736788,0.48150208611063666,0.5785942188293215,0.5008411014952439,0.37774307367148585,0.27910472486578225,0.21788535592078215,0.2805674644986287,0.15256811638012827,0.07372294727098354,0.0,0.2932526123068244,0.2022252685908013,0.16167810636878063,0.16459698170240114,0.3399530080358215,0.3658255562246313,0.45222831343221226,0.5157853541158467,0.40091176826461644,0.4372531285898848,0.5040695484952231,0.5531246454326374,0.2895044331196207,0.22149572910783633,0.1109822285738307,0.031168784798098266,0.081004123679364,0.05247783437527654,0.14724496283067273,0.22249779416494767,0.2932526123068244,0.0,0.11802688610043541,0.20783281608499626,0.2841370910001932,0.05720063488619772,0.09850542738725168,0.1678333547466971,0.22969920602993882,0.12017408104172672,0.1604977619685999,0.2173789894464494,0.26414381614814064,0.40290461262769545,0.3373216513942834,0.22460481462529475,0.11944820337644756,0.043737395667643536,0.13873471524547287,0.101182978995985,0.14417798345234986,0.2022252685908013,0.11802688610043541,0.0,0.09003948216501378,0.1668814472241465,0.14781951683984337,0.1696327964077525,0.2660867406254202,0.33598324906331795,0.20359137462802987,0.23996552623616196,0.31322893527481815,0.3676042433338811,0.49044318335860837,0.4268757400775703,0.31432067741758085,0.20851919593882956,0.13129028051170152,0.22556050222348917,0.14471709340729144,0.1359400581942716,0.16167810636878063,0.20783281608499626,0.09003948216501378,0.0,0.07712832170689296,0.23316742309510957,0.2491381568508967,0.3498585611184302,0.42178950022448314,0.2832086375476914,0.31683205701107864,0.39451984638577675,0.4514461137747213,0.5651428253641968,0.5034364189723406,0.3912837584122915,0.2852604652872849,0.20780038502741116,0.3011984556246061,0.2082238109637797,0.17314042257322723,0.16459698170240114,0.2841370910001932,0.1668814472241465,0.07712832170689296,0.0,0.30739885403589323,0.3215516068134323,0.4237882860142182,0.49653527104784734,0.35434765448958444,0.3868365156638165,0.4664941112004604,0.5246580438813132,0.2577515544586641,0.2023945572091062,0.11808504415781854,0.08393287893214581,0.12221036758553455,0.10494489554987659,0.19980336234878684,0.27167636655347405,0.3399530080358215,0.05720063488619772,0.14781951683984337,0.23316742309510957,0.30739885403589323,0.0,0.05040984980558619,0.12747640488105857,0.1948430159095527,0.06404239224998076,0.10703907104654317,0.17142619145606752,0.22353277128849908,0.25221467337373543,0.203375362870293,0.13760871198259106,0.11814528869086889,0.150670547512414,0.14240823239011738,0.23032340953337357,0.29924486113436666,0.3658255562246313,0.09850542738725168,0.1696327964077525,0.2491381568508967,0.3215516068134323,0.05040984980558619,0.0,0.10382292665012838,0.1777547324786718,0.04756988691154328,0.07148754818362524,0.14541255856626956,0.20333216808324991,0.1575319751920162,0.11821780489496757,0.12363104451965808,0.1798282310272686,0.23858377949285747,0.19187846365270692,0.30636692498893103,0.38155256843183327,0.45222831343221226,0.1678333547466971,0.2660867406254202,0.3498585611184302,0.4237882860142182,0.12747640488105857,0.10382292665012838,0.0,0.07458046724134772,0.08749536034177188,0.06465563766139897,0.055318973856615085,0.10355558197218613,0.09246491923390983,0.07702408241974959,0.15509054176868775,0.23874606953780542,0.30510647758709725,0.2441329183474452,0.3662117948390587,0.44351457816991086,0.5157853541158467,0.22969920602993882,0.33598324906331795,0.42178950022448314,0.49653527104784734,0.1948430159095527,0.1777547324786718,0.07458046724134772,0.0,0.15491086977124696,0.13023538902699971,0.05986752203396684,0.04511806639126122,0.21924261101892678,0.182496446601098,0.14015267259790853,0.14422410418471066,0.1833864318363055,0.16306414475494516,0.2629517767225077,0.3337935959873592,0.40091176826461644,0.12017408104172672,0.20359137462802987,0.2832086375476914,0.35434765448958444,0.06404239224998076,0.04756988691154328,0.08749536034177188,0.15491086977124696,0.0,0.0484641993708302,0.11784554643519135,0.17454919825817564,0.20336680743136287,0.17695364342522021,0.16037732739344768,0.18030113207736995,0.2212866710025475,0.1994876853942831,0.2999300672404124,0.3703361731929168,0.4372531285898848,0.1604977619685999,0.23996552623616196,0.31683205701107864,0.3868365156638165,0.10703907104654317,0.07148754818362524,0.06465563766139897,0.13023538902699971,0.0484641993708302,0.0,0.08274335499519407,0.14415028404152275,0.13133252835111542,0.12754781592776637,0.17182915729038686,0.2322756562745452,0.2883222282891581,0.24402910624987403,0.35928249273590335,0.4340467354736788,0.5040695484952231,0.2173789894464494,0.31322893527481815,0.39451984638577675,0.4664941112004604,0.17142619145606752,0.14541255856626956,0.055318973856615085,0.05986752203396684,0.11784554643519135,0.08274335499519407,0.0,0.06190765859919445,0.08182267247529063,0.10968931308637601,0.1969779408891143,0.27631436453181774,0.3392600711230537,0.2831304362220079,0.4046841293921102,0.48150208611063666,0.5531246454326374,0.26414381614814064,0.3676042433338811,0.4514461137747213,0.5246580438813132,0.22353277128849908,0.20333216808324991,0.10355558197218613,0.04511806639126122,0.17454919825817564,0.14415028404152275,0.06190765859919445,0.0,K
0.0,0.09110584547124366,0.2093984652027776,0.30398934202694444,0.375323326357554,0.3064314594008391,0.4356817629799319,0.5142231837459786,0.5877054459753173,0.29579591067600225,0.4094926597647734,0.4931483921337719,0.5639457346847129,0.26228016861924913,0.25831522941299784,0.16199539701301646,0.0949376993812534,0.22212278191524956,0.20533808949308613,0.13288822063037734,0.08329993755154472,0.09110584547124366,0.0,0.12553092027246793,0.2282543628254654,0.3044913461093414,0.22750797244382315,0.3561647548564829,0.43478233933188914,0.5088307541470128,0.22646740435481316,0.3425969565193071,0.4286013464704584,0.5014734292350547,0.20543185989079832,0.20756622834924965,0.12071100407130947,0.0769929360188093,0.1838398509375966,0.17832862513126888,0.12956200238917248,0.11228143234220005,0.2093984652027776,0.12553092027246793,0.0,0.10707191486222255,0.18598982333795414,0.10330233522150548,0.2308211050264931,0.3093691214127943,0.38345715752160076,0.11339594177194968,0.22756221016002184,0.31423180549681645,0.38779894192888603,0.11883182318982535,0.13857199612567045,0.1233966950254042,0.15495298997885215,0.14041728012671154,0.16270979735444963,0.1760573792795364,0.20190842883017485,0.30398934202694444,0.2282543628254654,0.10707191486222255,0.0,0.07917941383527986,0.03029180811836332,0.13384707162668832,0.2113580545545153,0.28436298317395015,0.031021064982686523,0.12206773835743913,0.20832670629437955,0.28175726633518294,0.0841799348124823,0.11718269015209057,0.17908704939954626,0.23885035953793504,0.14539687124507697,0.1840555304900032,0.23735021159550945,0.2818710867521475,0.375323326357554,0.3044913461093414,0.18598982333795414,0.07917941383527986,0.0,0.09419518838456192,0.08868282554422294,0.15356635783016798,0.22139974981442676,0.0803270201600627,0.04478321729983698,0.12964731089279713,0.20280624089411423,0.12345152102251297,0.15015482177162534,0.23921817473030663,0.3068213430842151,0.18612556326269106,0.2265695959180195,0.2948932568530326,0.34639623585093915,0.3064314594008391,0.22750797244382315,0.10330233522150548,0.03029180811836332,0.09419518838456192,0.0,0.12984381963513802,0.20852109277031944,0.28230969050908916,0.05345164536895924,0.13884636434938216,0.22305976710767472,0.29548861911818497,0.10710715146892257,0.14360509001554128,0.19445543933232493,0.24771668751492434,0.16654731866336928,0.20574597863455169,0.2522887204438461,0.29210686284747694,0.4356817629799319,0.3561647548564829,0.2308211050264931,0.13384707162668832,0.08868282554422294,0.12984381963513802,0.0,0.07873409415794921,0.15271747920104253,0.14976679401411308,0.10230817312876689,0.14434563893505029,0.20450247516040515,0.20388803048965234,0.2327622218971983,0.310483009210075,0.37146317528041534,0.26840918850562767,0.30807605973810276,0.3691009945637167,0.4151896858715445,0.5142231837459786,0.43478233933188914,0.3093691214127943,0.2113580545545153,0.15356635783016798,0.20852109277031944,0.07873409415794921,0.0,0.07412070775330276,0.22492748011940722,0.14629438972318237,0.1396564094340569,0.17410865709520856,0.2758377285952813,0.3017244144298854,0.3855477876842324,0.44859958649744247,0.3394110879683433,0.37857762750279333,0.44376067642768535,0.491836581528099,0.5877054459753173,0.5088307541470128,0.38345715752160076,0.28436298317395015,0.22139974981442676,0.28230969050908916,0.15271747920104253,0.07412070775330276,0.0,0.2961945796493857,0.20505044853604734,0.16816122211606982,0.170730747257557,0.3447015990087865,0.3688218303838409,0.45666249011519855,0.5213011925120862,0.4071729630028176,0.4460565729415865,0.5142514768412011,0.5639072439152765,0.29579591067600225,0.22646740435481316,0.11339594177194968,0.031021064982686523,0.0803270201600627,0.05345164536895924,0.14976679401411308,0.22492748011940722,0.2961945796493857,0.0,0.11835035032084598,0.20489260665695644,0.27773261827328344,0.058529557099785745,0.09843359214009081,0.1689249558258544,0.2319203201563383,0.12283561270712291,0.1658553235680349,0.22447033897291785,0.27190069046337356,0.4094926597647734,0.3425969565193071,0.22756221016002184,0.12206773835743913,0.04478321729983698,0.13884636434938216,0.10230817312876689,0.14629438972318237,0.20505044853604734,0.11835035032084598,0.0,0.08685304628386868,0.16026842052977472,0.14987524004671413,0.16977404548586944,0.2675224040255572,0.33858929986065467,0.20719771710387144,0.24596026982313976,0.3205152738182959,0.37552891855753523,0.4931483921337719,0.4286013464704584,0.31423180549681645,0.20832670629437955,0.12964731089279713,0.22305976710767472,0.14434563893505029,0.1396564094340569,0.16816122211606982,0.20489260665695644,0.08685304628386868,0.0,0.07369046450782372,0.2312591996729127,0.24507704604821326,0.3472024275767589,0.42042074417722136,0.2826057255896659,0.3183395033250363,0.3973939227804986,0.45510520807519506,0.5639457346847129,0.5014734292350547,0.38779894192888603,0.28175726633518294,0.20280624089411423,0.29548861911818497,0.20450247516040515,0.17410865709520856,0.170730747257557,0.27773261827328344,0.16026842052977472,0.07369046450782372,0.0,0.3016773837827743,0.3134909380201809,0.41709277775745646,0.49116911255679047,0.34968536548667917,0.3840381129545024,0.4650956770723421,0.5241333704318853,0.26228016861924913,0.20543185989079832,0.11883182318982535,0.0841799348124823,0.12345152102251297,0.10710715146892257,0.20388803048965234,0.2758377285952813,0.3447015990087865,0.058529557099785745,0.14987524004671413,0.2312591996729127,0.3016773837827743,0.0,0.04953236093596251,0.1266084280310933,0.19514298677119052,0.06534073127964696,0.11093380522557221,0.17668696934953362,0.22937384284001036,0.25831522941299784,0.20756622834924965,0.13857199612567045,0.11718269015209057,0.15015482177162534,0.14360509001554128,0.2327622218971983,0.3017244144298854,0.3688218303838409,0.09843359214009081,0.16977404548586944,0.24507704604821326,0.3134909380201809,0.04953236093596251,0.0,0.10481698732262063,0.17994922435828392,0.050094460148159256,0.0772779582595021,0.15235992550492272,0.2107858270931499,0.16199539701301646,0.12071100407130947,0.1233966950254042,0.17908704939954626,0.23921817473030663,0.19445543933232493,0.310483009210075,0.3855477876842324,0.45666249011519855,0.1689249558258544,0.2675224040255572,0.3472024275767589,0.41709277775745646,0.1266084280310933,0.10481698732262063,0.0,0.075767473272656,0.08518370856523713,0.063089817807699,0.06044744394699967,0.1097035346900185,0.0949376993812534,0.0769929360188093,0.15495298997885215,0.23885035953793504,0.3068213430842151,0.24771668751492434,0.37146317528041534,0.44859958649744247,0.5213011925120862,0.2319203201563383,0.33858929986065467,0.42042074417722136,0.49116911255679047,0.19514298677119052,0.17994922435828392,0.075767473272656,0.0,0.15359425303629515,0.12837316927467776,0.0594249902763399,0.049219843849704265,0.22212278191524956,0.1838398509375966,0.14041728012671154,0.14539687124507697,0.18612556326269106,0.16654731866336928,0.26840918850562767,0.3394110879683433,0.4071729630028176,0.12283561270712291,0.20719771710387144,0.2826057255896659,0.34968536548667917,0.06534073127964696,0.050094460148159256,0.08518370856523713,0.15359425303629515,0.0,0.05088381762302022,0.12120161053671447,0.17846769048273664,0.20533808949308613,0.17832862513126888,0.16270979735444963,0.1840555304900032,0.2265695959180195,0.20574597863455169,0.30807605973810276,0.37857762750279333,0.4460565729415865,0.1658553235680349,0.24596026982313976,0.3183395033250363,0.3840381129545024,0.11093380522557221,0.0772779582595021,0.063089817807699,0.12837316927467776,0.05088381762302022,0.0,0.08390823782431646,0.14615978007288608,0.13288822063037734,0.12956200238917248,0.1760573792795364,0.23735021159550945,0.2948932568530326,0.2522887204438461,0.3691009945637167,0.44376067642768535,0.5142514768412011,0.22447033897291785,0.3205152738182959,0.3973939227804986,0.4650956770723421,0.17668696934953362,0.15235992550492272,0.06044744394699967,0.0594249902763399,0.12120161053671447,0.08390823782431646,0.0,0.06279456708739023,0.08329993755154472,0.11228143234220005,0.20190842883017485,0.2818710867521475,0.34639623585093915,0.29210686284747694,0.4151896858715445,0.491836581528099,0.5639072439152765,0.27190069046337356,0.37552891855753523,0.45510520807519506,0.5241333704318853,0.22937384284001036,0.2107858270931499,0.1097035346900185,0.049219843849704265,0.17846769048273664,0.14615978007288608,0.06279456708739023,0.0,K
