0.0,0.049823414453296834,0.08158447335124752,0.10097175160115125,0.11638998488637038,0.07080931129768117,0.07648452221202806,0.09386829555785879,0.10855790551495555,0.05122862581295222,0.05542339349738758,0.06797235200788378,0.08030874005911647,0.05054552441798124,0.05565491482101721,0.05554917249546657,0.05786177623335051,0.05823371492575396,0.05785109679843798,0.05144209196259805,0.05013011051751914,0.049823414453296834,0.0,0.031928980212313586,0.051861160924642054,0.06811897667188496,0.04598960914827951,0.04069986461136429,0.0534357278282424,0.06552212159041024,0.05722998497194968,0.04941575834355393,0.0435212274552492,0.044343403358403394,0.07599630244135086,0.06793630492713609,0.051843751355925435,0.04063827935861398,0.0899106316594204,0.0806822975757395,0.06302658595560602,0.04917132771082281,0.08158447335124752,0.031928980212313586,0.0,0.020395002334802355,0.03735619141194787,0.052691169201033165,0.0363295511121565,0.036471071641256014,0.04217430149126877,0.07783504690522286,0.06525706465586274,0.04912514945814546,0.03762889707294784,0.10038898572099123,0.08785235502975167,0.0682665211315592,0.053633605035482694,0.11505031400360256,0.10313691085485749,0.08376333718005509,0.06807835622620341,0.10097175160115125,0.051861160924642054,0.020395002334802355,0.0,0.017169699924459103,0.06466835946422857,0.04315179695762054,0.032462193606209305,0.02992759257188331,0.0924015028435492,0.07689003931894779,0.057552752723354694,0.04167673467623383,0.11529745823708767,0.10009046860373809,0.07988520959855178,0.06521770910016961,0.12971589163667663,0.11624459147713632,0.09664986705998188,0.08102050849175352,0.11638998488637038,0.06811897667188496,0.03735619141194787,0.017169699924459103,0.0,0.0771589335913197,0.05262315545142563,0.03537290662512117,0.02494930920587445,0.10480298477809812,0.086747424625575,0.06592133437619127,0.04869120033043604,0.12714541451093544,0.10966734272858443,0.08944660117436906,0.07535588421107207,0.14098519398230278,0.12620281076849887,0.10672977584492647,0.09153763503591011,0.07080931129768117,0.04598960914827951,0.052691169201033165,0.06466835946422857,0.0771589335913197,0.0,0.03607622301196147,0.059224162210870165,0.07022966436777821,0.03936109789428478,0.05630401157670477,0.06534882461080196,0.06800041034867096,0.06981892544094967,0.0776961482668401,0.07401068188873336,0.06875918672318974,0.08993025543873584,0.0911734349674153,0.08272217660413499,0.07503716674773678,0.07648452221202806,0.04069986461136429,0.0363295511121565,0.04315179695762054,0.05262315545142563,0.03607622301196147,0.0,0.024653121429196345,0.038395513926241645,0.05330187797997311,0.040026644722176374,0.03608824114281494,0.03538026223163069,0.07569110021550024,0.06486743542450986,0.053076485175679596,0.04479060898335154,0.09111145731802714,0.08145496014698868,0.06717314737722939,0.05618187871846719,0.09386829555785879,0.0534357278282424,0.036471071641256014,0.032462193606209305,0.03537290662512117,0.059224162210870165,0.024653121429196345,0.0,0.01559092591935179,0.07676250249737368,0.053762585940933784,0.03641987887640979,0.025312216838862405,0.095712489633578,0.07654571715904428,0.059325587392331486,0.04833534391877993,0.1083787469535576,0.09343228422511088,0.07602422330384537,0.06309302122335934,0.10855790551495555,0.06552212159041024,0.04217430149126877,0.02992759257188331,0.02494930920587445,0.07022966436777821,0.038395513926241645,0.01559092591935179,0.0,0.09135882310075931,0.06910000751737455,0.05008939673555958,0.035861685310581794,0.11104478843193809,0.09137796701583567,0.0734932359020281,0.06196006433276286,0.12369194164124096,0.10821218666147504,0.0904736798756964,0.07724132660119366,0.05122862581295222,0.05722998497194968,0.07783504690522286,0.0924015028435492,0.10480298477809812,0.03936109789428478,0.05330187797997311,0.07676250249737368,0.09135882310075931,0.0,0.040204210497953745,0.064422761148221,0.0768356495741036,0.030871280095897964,0.05065905017981353,0.05968015532009476,0.06336415184020947,0.051708751313195654,0.059624991516789176,0.060027519169322384,0.060557302394707684,0.05542339349738758,0.04941575834355393,0.06525706465586274,0.07689003931894779,0.086747424625575,0.05630401157670477,0.040026644722176374,0.053762585940933784,0.06910000751737455,0.040204210497953745,0.0,0.02897753873341151,0.045986174258214045,0.04530359917292194,0.024866442356013194,0.02287144665394358,0.028952083321324446,0.05497550118373554,0.041464032279662145,0.030086354878702454,0.02718035728467154,0.06797235200788378,0.0435212274552492,0.04912514945814546,0.057552752723354694,0.06592133437619127,0.06534882461080196,0.03608824114281494,0.03641987887640979,0.05008939673555958,0.064422761148221,0.02897753873341151,0.0,0.018807984503793337,0.07336459098439078,0.046096665388342645,0.023787522778947294,0.01317876855333133,0.08133272347031333,0.0617224311878878,0.0412236077486323,0.027287873405035048,0.08030874005911647,0.044343403358403394,0.03762889707294784,0.04167673467623383,0.04869120033043604,0.06800041034867096,0.03538026223163069,0.025312216838862405,0.035861685310581794,0.0768356495741036,0.045986174258214045,0.018807984503793337,0.0,0.09014281891913088,0.06487542311632592,0.041902385041609855,0.028038141078030047,0.09957520035931974,0.08049695679553184,0.059424926073165386,0.04418690832121139,0.05054552441798124,0.07599630244135086,0.10038898572099123,0.11529745823708767,0.12714541451093544,0.06981892544094967,0.07569110021550024,0.095712489633578,0.11104478843193809,0.030871280095897964,0.04530359917292194,0.07336459098439078,0.09014281891913088,0.0,0.038349929754393254,0.05864374339618967,0.06907663584285753,0.021229205368058418,0.038392853430305185,0.05011181532464622,0.059126881925915684,0.05565491482101721,0.06793630492713609,0.08785235502975167,0.10009046860373809,0.10966734272858443,0.0776961482668401,0.06486743542450986,0.07654571715904428,0.09137796701583567,0.05065905017981353,0.024866442356013194,0.046096665388342645,0.06487542311632592,0.038349929754393254,0.0,0.0262844007569988,0.041314553829633,0.03779649270596139,0.017017253777991275,0.01654418821303636,0.02906124261254006,0.05554917249546657,0.051843751355925435,0.0682665211315592,0.07988520959855178,0.08944660117436906,0.07401068188873336,0.053076485175679596,0.059325587392331486,0.0734932359020281,0.05968015532009476,0.02287144665394358,0.023787522778947294,0.041902385041609855,0.05864374339618967,0.0262844007569988,0.0,0.01613247223361754,0.06201027001391076,0.03959367012989846,0.017535008247582553,0.007503030696388168,0.05786177623335051,0.04063827935861398,0.053633605035482694,0.06521770910016961,0.07535588421107207,0.06875918672318974,0.04479060898335154,0.04833534391877993,0.06196006433276286,0.06336415184020947,0.028952083321324446,0.01317876855333133,0.028038141078030047,0.06907663584285753,0.041314553829633,0.01613247223361754,0.0,0.07552084788136998,0.05517730865132061,0.03273515205248694,0.016377492872937296,0.05823371492575396,0.0899106316594204,0.11505031400360256,0.12971589163667663,0.14098519398230278,0.08993025543873584,0.09111145731802714,0.1083787469535576,0.12369194164124096,0.051708751313195654,0.05497550118373554,0.08133272347031333,0.09957520035931974,0.021229205368058418,0.03779649270596139,0.06201027001391076,0.07552084788136998,0.0,0.02861574340260194,0.04845692980295408,0.062231240049173624,0.05785109679843798,0.0806822975757395,0.10313691085485749,0.11624459147713632,0.12620281076849887,0.0911734349674153,0.08145496014698868,0.09343228422511088,0.10821218666147504,0.059624991516789176,0.041464032279662145,0.0617224311878878,0.08049695679553184,0.038392853430305185,0.017017253777991275,0.03959367012989846,0.05517730865132061,0.02861574340260194,0.0,0.023779881359067584,0.04039227337826362,0.05144209196259805,0.06302658595560602,0.08376333718005509,0.09664986705998188,0.10672977584492647,0.08272217660413499,0.06717314737722939,0.07602422330384537,0.0904736798756964,0.060027519169322384,0.030086354878702454,0.0412236077486323,0.059424926073165386,0.05011181532464622,0.01654418821303636,0.017535008247582553,0.03273515205248694,0.04845692980295408,0.023779881359067584,0.0,0.017149832519182697,0.05013011051751914,0.04917132771082281,0.06807835622620341,0.08102050849175352,0.09153763503591011,0.07503716674773678,0.05618187871846719,0.06309302122335934,0.07724132660119366,0.060557302394707684,0.02718035728467154,0.027287873405035048,0.04418690832121139,0.059126881925915684,0.02906124261254006,0.007503030696388168,0.016377492872937296,0.062231240049173624,0.04039227337826362,0.017149832519182697,0.0,M
0.0,0.039722086656019485,0.06075329652286416,0.05626199159403997,0.056003323675609055,0.060535847587509344,0.052871420755715645,0.06335047074107117,0.07610903911766688,0.057331712161697676,0.05626434938327206,0.049177881088452384,0.05323995079615242,0.06584787518606974,0.07238307758646743,0.049679354265799065,0.04156263514060538,0.07646636523952277,0.07900250902991934,0.058951644746575535,0.045106677967696164,0.039722086656019485,0.0,0.02131276269100149,0.025305466924183513,0.04545880680189963,0.05492080600240983,0.0456439144774386,0.04469110844684389,0.04967948538646629,0.07227958869549651,0.07341879059951319,0.04964249413549632,0.035827085255426994,0.09087600062194237,0.09506621981494402,0.06180932832950175,0.03877652376579587,0.10451356847511414,0.10387783486449852,0.07846252738321564,0.057493877275231635,0.06075329652286416,0.02131276269100149,0.0,0.020918526834881476,0.04978523508405016,0.06046431712424044,0.05116075211104111,0.04294988055849995,0.040297278611526884,0.08430268602544264,0.08595625395392208,0.05874846540883461,0.03874535278651881,0.10541028316498476,0.10866788592234507,0.07413559502819375,0.049658184392698174,0.11976839726427457,0.11809572929683766,0.0920553616162209,0.07061493667194335,0.05626199159403997,0.025305466924183513,0.020918526834881476,0.0,0.029205622372535024,0.059989439618669295,0.03847891352843068,0.027376528561721458,0.030208208559518307,0.07618081215851247,0.06921313227385467,0.039656353581429875,0.01825655311434766,0.09316095086411938,0.09127613948026489,0.056092413774380144,0.032213333821099435,0.1052714088260075,0.10085784777061865,0.07439035613204577,0.05325851860050113,0.056003323675609055,0.04545880680189963,0.04978523508405016,0.029205622372535024,0.0,0.06713274992930952,0.03347999353501733,0.026347499099074995,0.03955192900227873,0.06870997138751687,0.046095397442474366,0.014193240653829407,0.011047984305608924,0.07660723236001057,0.06568783730216331,0.031078533105615827,0.016370828355133194,0.08404799708168041,0.07522023367438876,0.048884672346468094,0.030240962445747876,0.060535847587509344,0.05492080600240983,0.06046431712424044,0.059989439618669295,0.06713274992930952,0.0,0.03568388960546558,0.04873686245320977,0.05356458046741527,0.03697502199111314,0.06921144310135871,0.06600254099302631,0.062071307982041586,0.0680431993652811,0.09295830746931251,0.07708511514017144,0.06682453248923906,0.08993545591304658,0.10197877103425884,0.08802618351758186,0.07607186739788632,0.052871420755715645,0.0456439144774386,0.05116075211104111,0.03847891352843068,0.03347999353501733,0.03568388960546558,0.0,0.019282489863747008,0.03343207798434051,0.04118683967559676,0.04382354479455589,0.03280328069143779,0.03167249381488664,0.060228983980451,0.06878481271868586,0.046647942070913134,0.03739282828116437,0.0760632972803062,0.07886189176927853,0.0601038217176665,0.04657894067021283,0.06335047074107117,0.04469110844684389,0.04294988055849995,0.027376528561721458,0.026347499099074995,0.04873686245320977,0.019282489863747008,0.0,0.01698478919442156,0.060326324005609146,0.05537006292392901,0.03377828387729135,0.022476052623672124,0.077654382678388,0.07901629922712806,0.05128561329707479,0.03676418449184655,0.09109954944482845,0.08923947343881927,0.06730934885560376,0.05106721109710093,0.07610903911766688,0.04967948538646629,0.040297278611526884,0.030208208559518307,0.03955192900227873,0.05356458046741527,0.03343207798434051,0.01698478919442156,0.0,0.07269565496041654,0.07210778040979893,0.049598578620224355,0.03362483096077519,0.09293646837691986,0.09559808566412187,0.06747260964094379,0.050717627524210544,0.10737358479792904,0.10583544039031564,0.08385744830560914,0.06704277040797149,0.057331712161697676,0.07227958869549651,0.08430268602544264,0.07618081215851247,0.06870997138751687,0.03697502199111314,0.04118683967559676,0.060326324005609146,0.07269565496041654,0.0,0.04555212812622687,0.06044088809742224,0.06917387016585708,0.0317984772018841,0.0644652717767949,0.06332447022443684,0.06597702943931645,0.05482172917929061,0.07198940390531816,0.06675954885374293,0.06397279752635396,0.05626434938327206,0.07341879059951319,0.08595625395392208,0.06921313227385467,0.046095397442474366,0.06921144310135871,0.04382354479455589,0.05537006292392901,0.07210778040979893,0.04555212812622687,0.0,0.03289885449216381,0.05339205489032116,0.03512665946684334,0.02502778488903516,0.025476085985117757,0.04362672696843638,0.03817306565517446,0.03504085496724841,0.02340585784868372,0.02928990851054314,0.049177881088452384,0.04964249413549632,0.05874846540883461,0.039656353581429875,0.014193240653829407,0.06600254099302631,0.03280328069143779,0.03377828387729135,0.049598578620224355,0.06044088809742224,0.03289885449216381,0.0,0.022208571345708597,0.06426217011388125,0.052357620853056626,0.018052249735255065,0.01413651965199394,0.07042894616922862,0.06186760774692217,0.03570087047187903,0.017781352785281965,0.05323995079615242,0.035827085255426994,0.03874535278651881,0.01825655311434766,0.011047984305608924,0.062071307982041586,0.03167249381488664,0.022476052623672124,0.03362483096077519,0.06917387016585708,0.05339205489032116,0.022208571345708597,0.0,0.08107038318494919,0.07443440173324123,0.03932075934653588,0.01825301803320739,0.09070830514483344,0.08403365494805305,0.05756741523957984,0.03735489364000723,0.06584787518606974,0.09087600062194237,0.10541028316498476,0.09316095086411938,0.07660723236001057,0.0680431993652811,0.060228983980451,0.077654382678388,0.09293646837691986,0.0317984772018841,0.03512665946684334,0.06426217011388125,0.08107038318494919,0.0,0.04151134549107758,0.05835344774773044,0.07230410854547258,0.02355852198894912,0.046062531056204524,0.05250836562492843,0.06052866124602688,0.07238307758646743,0.09506621981494402,0.10866788592234507,0.09127613948026489,0.06568783730216331,0.09295830746931251,0.06878481271868586,0.07901629922712806,0.09559808566412187,0.0644652717767949,0.02502778488903516,0.052357620853056626,0.07443440173324123,0.04151134549107758,0.0,0.038108506005450175,0.062176482731215045,0.028523242371041944,0.010267958162213304,0.022135085337737143,0.042373381734661264,0.049679354265799065,0.06180932832950175,0.07413559502819375,0.056092413774380144,0.031078533105615827,0.07708511514017144,0.046647942070913134,0.05128561329707479,0.06747260964094379,0.06332447022443684,0.025476085985117757,0.018052249735255065,0.03932075934653588,0.05835344774773044,0.038108506005450175,0.0,0.025067334799537697,0.05909331627085989,0.04659411812961716,0.018446420482710422,0.005775572939427063,0.04156263514060538,0.03877652376579587,0.049658184392698174,0.032213333821099435,0.016370828355133194,0.06682453248923906,0.03739282828116437,0.03676418449184655,0.050717627524210544,0.06597702943931645,0.04362672696843638,0.01413651965199394,0.01825301803320739,0.07230410854547258,0.062176482731215045,0.025067334799537697,0.0,0.07919523341106972,0.0710398844500983,0.043246105377214614,0.021391021291589055,0.07646636523952277,0.10451356847511414,0.11976839726427457,0.1052714088260075,0.08404799708168041,0.08993545591304658,0.0760632972803062,0.09109954944482845,0.10737358479792904,0.05482172917929061,0.03817306565517446,0.07042894616922862,0.09070830514483344,0.02355852198894912,0.028523242371041944,0.05909331627085989,0.07919523341106972,0.0,0.02808989138660183,0.046383858686842624,0.062121340368446264,0.07900250902991934,0.10387783486449852,0.11809572929683766,0.10085784777061865,0.07522023367438876,0.10197877103425884,0.07886189176927853,0.08923947343881927,0.10583544039031564,0.07198940390531816,0.03504085496724841,0.06186760774692217,0.08403365494805305,0.046062531056204524,0.010267958162213304,0.04659411812961716,0.0710398844500983,0.02808989138660183,0.0,0.02907982587405823,0.05052512498865041,0.058951644746575535,0.07846252738321564,0.0920553616162209,0.07439035613204577,0.048884672346468094,0.08802618351758186,0.0601038217176665,0.06730934885560376,0.08385744830560914,0.06675954885374293,0.02340585784868372,0.03570087047187903,0.05756741523957984,0.05250836562492843,0.022135085337737143,0.018446420482710422,0.043246105377214614,0.046383858686842624,0.02907982587405823,0.0,0.02210872410285141,0.045106677967696164,0.057493877275231635,0.07061493667194335,0.05325851860050113,0.030240962445747876,0.07607186739788632,0.04657894067021283,0.05106721109710093,0.06704277040797149,0.06397279752635396,0.02928990851054314,0.017781352785281965,0.03735489364000723,0.06052866124602688,0.042373381734661264,0.005775572939427063,0.021391021291589055,0.062121340368446264,0.05052512498865041,0.02210872410285141,0.0,M
0.0,0.026623252991854213,0.03789825940834458,0.04911534096508262,0.06704273009627061,0.05685563790230319,0.06766224327953096,0.06703619736365087,0.06744711844636753,0.0747038689963602,0.08976693324532203,0.070426653754896,0.057520564367151965,0.08672353010298313,0.10363368742472216,0.07384397890511127,0.051848513942839076,0.09183468273632574,0.10815881560061835,0.08557316717576702,0.065735866289965,0.026623252991854213,0.0,0.014887178346284358,0.03847842234271508,0.06242665718733384,0.06619443831472707,0.07365975744895654,0.06360512714246785,0.054364103132631146,0.08815860294509786,0.10020190753846503,0.07443053458087114,0.053794206922486314,0.10143650156073869,0.11521452392801686,0.08222129448431846,0.056790511896509,0.10622144220108419,0.12020239810624715,0.09564854879215402,0.0742953684266052,0.03789825940834458,0.014887178346284358,0.0,0.027499802313551223,0.052378957379637416,0.06755309695504838,0.06853433600083697,0.05394405404400662,0.041039892356694946,0.0886677834363371,0.09619208866795523,0.0678993018039187,0.044669125264480566,0.10101096763054243,0.11140881735467782,0.07774599535453672,0.05218653449086112,0.10477244901296852,0.1165597804885521,0.09157526552425845,0.07033308541706257,0.04911534096508262,0.03847842234271508,0.027499802313551223,0.0,0.02494627208203974,0.0662626681981927,0.04872163184932517,0.028921722435048425,0.022188884856820603,0.08009566579111141,0.07463519450858787,0.04319182941842764,0.01867319913821432,0.08751820157641767,0.0888687351523747,0.05454780377567504,0.03072301270586684,0.08776019605100567,0.09396496266591521,0.06845135923961028,0.04817758241884134,0.06704273009627061,0.06242665718733384,0.052378957379637416,0.02494627208203974,0.0,0.07218146899444321,0.03721810275503619,0.013903446346690683,0.02652133421151753,0.07759574185642683,0.057524998355818834,0.024304547575021537,0.011004494189342849,0.07920784432998645,0.06989182352003112,0.03731693562600081,0.02387592991378506,0.07548690714359578,0.07478336799927947,0.04999296139301992,0.03384260050783564,0.05685563790230319,0.06619443831472707,0.06755309695504838,0.0662626681981927,0.07218146899444321,0.0,0.04720991921409971,0.061579431236694064,0.06878221840340758,0.028142025003648048,0.06825932700362765,0.06544555952192717,0.0622325249706629,0.04863650908723598,0.08496039991458261,0.07083971771767686,0.060877308409185066,0.061227225678195066,0.08991354344343608,0.07792138992019107,0.06612579574498584,0.06766224327953096,0.07365975744895654,0.06853433600083697,0.04872163184932517,0.03721810275503619,0.04720991921409971,0.0,0.027078882280035646,0.048963618836685346,0.042671324291550745,0.029939537022068387,0.02097471764665411,0.032625741738501454,0.04240500469253863,0.047212958096960814,0.028274386222835183,0.029681193737444003,0.04090194584141221,0.052787102419053857,0.03575589866363913,0.02660949757817352,0.06703619736365087,0.06360512714246785,0.05394405404400662,0.028921722435048425,0.013903446346690683,0.061579431236694064,0.027078882280035646,0.0,0.024686237313178754,0.06657942580374353,0.05129309859242261,0.02212711945469065,0.012165069302789187,0.06937384371476471,0.0658371959329585,0.03712279399445146,0.02598859012793223,0.06729051850113438,0.07114043402834877,0.048875328247074,0.03401710390314069,0.06744711844636753,0.054364103132631146,0.041039892356694946,0.022188884856820603,0.02652133421151753,0.06878221840340758,0.048963618836685346,0.024686237313178754,0.0,0.08183011342642454,0.0756232053577758,0.04617818595700589,0.024103510922189434,0.08931852246680695,0.09048064890824059,0.060690481502870035,0.042955064175238526,0.08983226506885275,0.0957907974091908,0.07315926848220562,0.056427334207453175,0.0747038689963602,0.08815860294509786,0.0886677834363371,0.08009566579111141,0.07759574185642683,0.028142025003648048,0.042671324291550745,0.06657942580374353,0.08183011342642454,0.0,0.050973880486838416,0.062312982808068226,0.0698949304060489,0.02176401851652175,0.06534684011783862,0.0632560906277744,0.06417668416761263,0.036837659020511955,0.06958136067449358,0.06530624071861017,0.06128823953416801,0.08976693324532203,0.10020190753846503,0.09619208866795523,0.07463519450858787,0.057524998355818834,0.06825932700362765,0.029939537022068387,0.05129309859242261,0.0756232053577758,0.050973880486838416,0.0,0.03370651647535068,0.057012957007751865,0.03657161557968428,0.017776623944310194,0.02757213821129138,0.048303540620424204,0.023816439069774816,0.02329610912305858,0.020486516219995265,0.032872798479215454,0.070426653754896,0.07443053458087114,0.0678993018039187,0.04319182941842764,0.024304547575021537,0.06544555952192717,0.02097471764665411,0.02212711945469065,0.04617818595700589,0.062312982808068226,0.03370651647535068,0.0,0.025176181881686337,0.05886331757678134,0.04623328954693575,0.015161688589458771,0.020052604623118985,0.05260398149731639,0.05127143316118808,0.026996632259250284,0.014316056786221418,0.057520564367151965,0.053794206922486314,0.044669125264480566,0.01867319913821432,0.011004494189342849,0.0622325249706629,0.032625741738501454,0.012165069302789187,0.024103510922189434,0.0698949304060489,0.057012957007751865,0.025176181881686337,0.0,0.07384226924190698,0.07110938288711141,0.03814424656656562,0.01912152099131386,0.07213333062242892,0.07626586578238835,0.05155047212170315,0.03295435029512639,0.08672353010298313,0.10143650156073869,0.10101096763054243,0.08751820157641767,0.07920784432998645,0.04863650908723598,0.04240500469253863,0.06937384371476471,0.08931852246680695,0.02176401851652175,0.03657161557968428,0.05886331757678134,0.07384226924190698,0.0,0.0473642114521493,0.055763491968891965,0.06534381467290999,0.01646818748427922,0.0508030398659589,0.053213754968425106,0.05638542736448462,0.10363368742472216,0.11521452392801686,0.11140881735467782,0.0888687351523747,0.06989182352003112,0.08496039991458261,0.047212958096960814,0.0658371959329585,0.09048064890824059,0.06534684011783862,0.017776623944310194,0.04623328954693575,0.07110938288711141,0.0473642114521493,0.0,0.036437650493340655,0.061022596329617075,0.03133437196064697,0.005602416382462663,0.023485287426813713,0.04340983642384951,0.07384397890511127,0.08222129448431846,0.07774599535453672,0.05454780377567504,0.03731693562600081,0.07083971771767686,0.028274386222835183,0.03712279399445146,0.060690481502870035,0.0632560906277744,0.02757213821129138,0.015161688589458771,0.03814424656656562,0.055763491968891965,0.036437650493340655,0.0,0.025800962252412327,0.046612817046015956,0.04087454830894431,0.014040467063444221,0.008192022072057705,0.051848513942839076,0.056790511896509,0.05218653449086112,0.03072301270586684,0.02387592991378506,0.060877308409185066,0.029681193737444003,0.02598859012793223,0.042955064175238526,0.06417668416761263,0.048303540620424204,0.020052604623118985,0.01912152099131386,0.06534381467290999,0.061022596329617075,0.025800962252412327,0.0,0.062164883711866015,0.06581265101822925,0.039689305117108074,0.018295987095432627,0.09183468273632574,0.10622144220108419,0.10477244901296852,0.08776019605100567,0.07548690714359578,0.061227225678195066,0.04090194584141221,0.06729051850113438,0.08983226506885275,0.036837659020511955,0.023816439069774816,0.05260398149731639,0.07213333062242892,0.01646818748427922,0.03133437196064697,0.046612817046015956,0.062164883711866015,0.0,0.03445441596289062,0.04068618087326733,0.049288157347315335,0.10815881560061835,0.12020239810624715,0.1165597804885521,0.09396496266591521,0.07478336799927947,0.08991354344343608,0.052787102419053857,0.07114043402834877,0.0957907974091908,0.06958136067449358,0.02329610912305858,0.05127143316118808,0.07626586578238835,0.0508030398659589,0.005602416382462663,0.04087454830894431,0.06581265101822925,0.03445441596289062,0.0,0.027371167215128826,0.04794384700711354,0.08557316717576702,0.09564854879215402,0.09157526552425845,0.06845135923961028,0.04999296139301992,0.07792138992019107,0.03575589866363913,0.048875328247074,0.07315926848220562,0.06530624071861017,0.020486516219995265,0.026996632259250284,0.05155047212170315,0.053213754968425106,0.023485287426813713,0.014040467063444221,0.039689305117108074,0.04068618087326733,0.027371167215128826,0.0,0.021540452519896867,0.065735866289965,0.0742953684266052,0.07033308541706257,0.04817758241884134,0.03384260050783564,0.06612579574498584,0.02660949757817352,0.03401710390314069,0.056427334207453175,0.06128823953416801,0.032872798479215454,0.014316056786221418,0.03295435029512639,0.05638542736448462,0.04340983642384951,0.008192022072057705,0.018295987095432627,0.049288157347315335,0.04794384700711354,0.021540452519896867,0.0,M
0.0,0.035435205350072836,0.07586089230269918,0.10651687561041447,0.12693418462200584,0.11672793447358408,0.14018480504754768,0.11924331536896197,0.09873836265168955,0.10560517333106544,0.12674517873275204,0.10107188488582641,0.07973337357798899,0.08524117509796655,0.09173580497796058,0.06529747794046718,0.045885495884366245,0.060406467833411887,0.06294910597988125,0.04810818436642475,0.03472458506488446,0.035435205350072836,0.0,0.04209778459786194,0.07348574641423743,0.09438387387583771,0.0935952071536616,0.10970444726680299,0.08567960814346226,0.06379837065165715,0.08602022897066626,0.09676409074956642,0.06782463298108454,0.04498488058145928,0.06934798012686348,0.06114271716505155,0.031236688284816447,0.010688967464496983,0.05091071632887306,0.03388984051292596,0.014977008762673478,0.008402216337350919,0.07586089230269918,0.04209778459786194,0.0,0.031485065976490804,0.05251949126950298,0.06394717706625559,0.06904500958565257,0.04371030200846761,0.0252882109113406,0.06346294763332215,0.056909720175305954,0.025782418808826906,0.007869663719289587,0.05754990513768118,0.02366205024485859,0.011191354737439877,0.032624542056446444,0.057587109248501335,0.022961316991851104,0.030812592722011332,0.04602347035887152,0.10651687561041447,0.07348574641423743,0.031485065976490804,0.0,0.021089758738256206,0.05085744791811465,0.0391736794250824,0.01324547792870462,0.020857457199641157,0.05868024109769665,0.029140866794405373,0.005765836290634917,0.030553779786617646,0.06431891228573716,0.019927618278309505,0.042354717630506716,0.06391848353954199,0.07643646499016872,0.04750672113762111,0.06135366870635731,0.07702217534722469,0.12693418462200584,0.09438387387583771,0.05251949126950298,0.021089758738256206,0.0,0.050038487751991816,0.02076277353234403,0.011746901776915128,0.03785478632993991,0.06275504317775595,0.01726638931862996,0.026836839604932928,0.05131520935461745,0.07463435762522369,0.0365633946867331,0.06326832103150788,0.08482511752634153,0.09180286645384654,0.06662862127153642,0.08193724399464378,0.09773036624439997,0.11672793447358408,0.0935952071536616,0.06394717706625559,0.05085744791811465,0.050038487751991816,0.0,0.04416162967114431,0.05537504917932986,0.06645811422766393,0.01714202924992407,0.03493692814911884,0.0527608441133719,0.06735786058994193,0.03859646471400426,0.041299652224529936,0.06996482291828773,0.08709176585467526,0.06570028042570622,0.06168278801246841,0.08206222357820632,0.09619656641727514,0.14018480504754768,0.10970444726680299,0.06904500958565257,0.0391736794250824,0.02076277353234403,0.04416162967114431,0.0,0.032451719244682584,0.05770643489769481,0.06022028387211033,0.013641113543029111,0.04471575359681346,0.06919098877798047,0.07742711678898001,0.04910839749901931,0.07938536851735341,0.10078068102586397,0.09943582846710812,0.0799589238438752,0.09737683630378685,0.11319598671259622,0.11924331536896197,0.08567960814346226,0.04371030200846761,0.01324547792870462,0.011746901776915128,0.05537504917932986,0.032451719244682584,0.0,0.026622432042654288,0.06571379793839625,0.026625929460470942,0.01829302391507385,0.041450227799685636,0.0741262532117419,0.03190574770876297,0.054468364738372216,0.07579889136317618,0.08792558428313152,0.05967055315711735,0.07326573008297348,0.08887488646391355,0.09873836265168955,0.06379837065165715,0.0252882109113406,0.020857457199641157,0.03785478632993991,0.06645811422766393,0.05770643489769481,0.026622432042654288,0.0,0.07070896189720234,0.0486712919388328,0.017365442357037453,0.019344110922276274,0.07063809388368059,0.02852107390527682,0.033962081923398536,0.053316372913480264,0.07561912062886372,0.04244719818093319,0.05124913927186775,0.06607144097842933,0.10560517333106544,0.08602022897066626,0.06346294763332215,0.05868024109769665,0.06275504317775595,0.01714202924992407,0.06022028387211033,0.06571379793839625,0.07070896189720234,0.0,0.04963427470762077,0.05901396916313308,0.06760363157820026,0.022917165504152286,0.04389456437571394,0.06686374291208257,0.0807623990775066,0.051204617765536774,0.0551865429158737,0.07523247331857905,0.0879067514503066,0.12674517873275204,0.09676409074956642,0.056909720175305954,0.029140866794405373,0.01726638931862996,0.03493692814911884,0.013641113543029111,0.026625929460470942,0.0486712919388328,0.04963427470762077,0.0,0.03412790888292931,0.05776022422807251,0.06510596982136893,0.03599980367164904,0.06690227625181139,0.08807622609888602,0.08626529378466183,0.06676908043065377,0.08452785692639586,0.10027857601526283,0.10107188488582641,0.06782463298108454,0.025782418808826906,0.005765836290634917,0.026836839604932928,0.0527608441133719,0.04471575359681346,0.01829302391507385,0.017365442357037453,0.05901396916313308,0.03412790888292931,0.0,0.024855919937243558,0.06257508016764607,0.01731900913403098,0.03667807147901649,0.05821837398005446,0.0727958714842779,0.04260489948171448,0.05576697977070328,0.07138018832289912,0.07973337357798899,0.04498488058145928,0.007869663719289587,0.030553779786617646,0.05131520935461745,0.06735786058994193,0.06919098877798047,0.041450227799685636,0.019344110922276274,0.06760363157820026,0.05776022422807251,0.024855919937243558,0.0,0.06223503847850047,0.02628842842284082,0.014773653489358406,0.03476648100908109,0.061986335954574624,0.026755903935298104,0.03302211013455609,0.048007789351917,0.08524117509796655,0.06934798012686348,0.05754990513768118,0.06431891228573716,0.07463435762522369,0.03859646471400426,0.07742711678898001,0.0741262532117419,0.07063809388368059,0.022917165504152286,0.06510596982136893,0.06257508016764607,0.06223503847850047,0.0,0.045334896803917384,0.057044538156040554,0.06573747219256368,0.028494610784634195,0.041993330891095124,0.05985326804471234,0.07023531040855696,0.09173580497796058,0.06114271716505155,0.02366205024485859,0.019927618278309505,0.0365633946867331,0.041299652224529936,0.04910839749901931,0.03190574770876297,0.02852107390527682,0.04389456437571394,0.03599980367164904,0.01731900913403098,0.02628842842284082,0.045334896803917384,0.0,0.031927170055000224,0.0524597925116543,0.05683371778432357,0.031105945419569063,0.04860273302338433,0.06433363673376832,0.06529747794046718,0.031236688284816447,0.011191354737439877,0.042354717630506716,0.06326832103150788,0.06996482291828773,0.07938536851735341,0.054468364738372216,0.033962081923398536,0.06686374291208257,0.06690227625181139,0.03667807147901649,0.014773653489358406,0.057044538156040554,0.031927170055000224,0.0,0.021607216110641557,0.05166758303334835,0.017099221972899568,0.019663333398244522,0.03485468990112243,0.045885495884366245,0.010688967464496983,0.032624542056446444,0.06391848353954199,0.08482511752634153,0.08709176585467526,0.10078068102586397,0.07579889136317618,0.053316372913480264,0.0807623990775066,0.08807622609888602,0.05821837398005446,0.03476648100908109,0.06573747219256368,0.0524597925116543,0.021607216110641557,0.0,0.05041881603008379,0.02648395932920034,0.006907761506176646,0.013826795226429142,0.060406467833411887,0.05091071632887306,0.057587109248501335,0.07643646499016872,0.09180286645384654,0.06570028042570622,0.09943582846710812,0.08792558428313152,0.07561912062886372,0.051204617765536774,0.08626529378466183,0.0727958714842779,0.061986335954574624,0.028494610784634195,0.05683371778432357,0.05166758303334835,0.05041881603008379,0.0,0.035449643158231896,0.04471085469670013,0.04973999750584651,0.06294910597988125,0.03388984051292596,0.022961316991851104,0.04750672113762111,0.06662862127153642,0.06168278801246841,0.0799589238438752,0.05967055315711735,0.04244719818093319,0.0551865429158737,0.06676908043065377,0.04260489948171448,0.026755903935298104,0.041993330891095124,0.031105945419569063,0.017099221972899568,0.02648395932920034,0.035449643158231896,0.0,0.020663162616144367,0.03531953813319148,0.04810818436642475,0.014977008762673478,0.030812592722011332,0.06135366870635731,0.08193724399464378,0.08206222357820632,0.09737683630378685,0.07326573008297348,0.05124913927186775,0.07523247331857905,0.08452785692639586,0.05576697977070328,0.03302211013455609,0.05985326804471234,0.04860273302338433,0.019663333398244522,0.006907761506176646,0.04471085469670013,0.020663162616144367,0.0,0.015904532819378328,0.03472458506488446,0.008402216337350919,0.04602347035887152,0.07702217534722469,0.09773036624439997,0.09619656641727514,0.11319598671259622,0.08887488646391355,0.06607144097842933,0.0879067514503066,0.10027857601526283,0.07138018832289912,0.048007789351917,0.07023531040855696,0.06433363673376832,0.03485468990112243,0.013826795226429142,0.04973999750584651,0.03531953813319148,0.015904532819378328,0.0,M
