0.0,0.07438786225847421,0.1730307775791356,0.24622870333983554,0.3078435862071833,0.24838215081251974,0.3014486590549296,0.23292429566990094,0.1767536395990909,0.2616972973056107,0.32868609174122765,0.24209420705292028,0.17686036281814274,0.25607646097527653,0.25786511231390064,0.1634879001750517,0.11107090096568342,0.23883645557559033,0.21034181982271224,0.1522344304142247,0.1295361767596122,0.07438786225847421,0.0,0.1072132300664222,0.1881416471001511,0.2545011084962962,0.18738569908008915,0.23684936649098368,0.1647209878007599,0.1061064418977112,0.20799612350985083,0.2697163425096754,0.17978729570180468,0.1121321695097183,0.2099221255154009,0.20513746923683487,0.1075282487549616,0.052738547707269844,0.20108406538688284,0.16711293951044734,0.11091300797314717,0.09183596750879623,0.1730307775791356,0.1072132300664222,0.0,0.08494031892592961,0.15354908816427415,0.08373022465532616,0.12991833094682562,0.06142649177058148,0.04033354164735233,0.10792531177259661,0.16357988670347218,0.07431987306425597,0.02073115635071195,0.11932479279459177,0.10755671045379965,0.03753264887296264,0.06386515884196389,0.12574986875591765,0.09158149735472365,0.06952908491024179,0.07515141679362934,0.24622870333983554,0.1881416471001511,0.08494031892592961,0.0,0.06873710666662466,0.04823766808168587,0.0692442709416855,0.0573345573754539,0.10522578892092714,0.0403006325129148,0.08368145984123272,0.022024605107524683,0.08009820282887516,0.054413679003991904,0.028975713991690168,0.08431848029681384,0.1379423741348341,0.07887972177067595,0.06402465088887291,0.10213688407710557,0.12225794182396274,0.3078435862071833,0.2545011084962962,0.15354908816427415,0.06873710666662466,0.0,0.0964412264448755,0.07894229330056853,0.11788934121602171,0.17170416130922567,0.06282410239935242,0.04445459984317823,0.08458925813947131,0.14753987499323448,0.062396398213814395,0.05010688033619435,0.1479904796153071,0.20289006139645235,0.09031012055718274,0.10253776373148552,0.1573227089008725,0.17938342622557685,0.24838215081251974,0.18738569908008915,0.08373022465532616,0.04823766808168587,0.0964412264448755,0.0,0.0596972937696974,0.060115301809161935,0.11083736285725643,0.04442941713024625,0.09182347211465149,0.04819388396447603,0.09008752395420665,0.07889991481177165,0.07059624571039895,0.099631905154558,0.14309053470307476,0.1106152083197948,0.09743235413423605,0.12127713915284162,0.1361364235862294,0.3014486590549296,0.23684936649098368,0.12991833094682562,0.0692442709416855,0.07894229330056853,0.0596972937696974,0.0,0.07869848170064654,0.1439512735111911,0.07016364934600634,0.05159455470531044,0.06666555726824772,0.13010330050395127,0.10295525001716146,0.08349390755469527,0.14434657793019579,0.1922029582435822,0.1387953344767652,0.13238651775535282,0.16776855611846292,0.18562062431004753,0.23292429566990094,0.1647209878007599,0.06142649177058148,0.0573345573754539,0.11788934121602171,0.060115301809161935,0.07869848170064654,0.0,0.06556895743382368,0.08812597720413944,0.11785073595687054,0.035905961448103596,0.05806747412994563,0.11017398267907663,0.08517427202380733,0.08114519348467966,0.12262311953573543,0.12975943114508237,0.1028804275926398,0.112831122627993,0.12686659444598333,0.1767536395990909,0.1061064418977112,0.04033354164735233,0.10522578892092714,0.17170416130922567,0.11083736285725643,0.1439512735111911,0.06556895743382368,0.0,0.13650879723224746,0.18043675137922685,0.08901316295965721,0.03338663959738683,0.14770033291866738,0.12832030379381504,0.05862164445905077,0.07219045060458344,0.15211020621849927,0.11564098330685417,0.09094989475113816,0.0948742422460511,0.2616972973056107,0.20799612350985083,0.10792531177259661,0.0403006325129148,0.06282410239935242,0.04442941713024625,0.07016364934600634,0.08812597720413944,0.13650879723224746,0.0,0.07338819351065144,0.058004856880469656,0.10914164398636368,0.03850653021244744,0.04133064795039603,0.10876369849507161,0.1587558482990511,0.07648587012034222,0.07748321440023993,0.12014413444735239,0.13887276257892708,0.32868609174122765,0.2697163425096754,0.16357988670347218,0.08368145984123272,0.04445459984317823,0.09182347211465149,0.05159455470531044,0.11785073595687054,0.18043675137922685,0.07338819351065144,0.0,0.09259218451450832,0.16087391997882342,0.092643097386654,0.07938679854234838,0.16794491652364743,0.22078863450127356,0.12794396026492594,0.13498622151778789,0.18371618697734676,0.20432013467902824,0.24209420705292028,0.17978729570180468,0.07431987306425597,0.022024605107524683,0.08458925813947131,0.04819388396447603,0.06666555726824772,0.035905961448103596,0.08901316295965721,0.058004856880469656,0.09259218451450832,0.0,0.06877588304682694,0.07622167498187891,0.049393636284377124,0.08035028691535663,0.13167428673501516,0.09805490720022159,0.07707996890789906,0.104560101022208,0.12306952550781645,0.17686036281814274,0.1121321695097183,0.02073115635071195,0.08009820282887516,0.14753987499323448,0.09008752395420665,0.13010330050395127,0.05806747412994563,0.03338663959738683,0.10914164398636368,0.16087391997882342,0.06877588304682694,0.0,0.11666687622163048,0.10090316155966607,0.029357493465462993,0.06588707055565461,0.11982899380783764,0.08364181648800138,0.06391028233786653,0.07293382994541817,0.25607646097527653,0.2099221255154009,0.11932479279459177,0.054413679003991904,0.062396398213814395,0.07889991481177165,0.10295525001716146,0.11017398267907663,0.14770033291866738,0.03850653021244744,0.092643097386654,0.07622167498187891,0.11666687622163048,0.0,0.03511650954194902,0.1074294950390418,0.15839451605211455,0.04007490561709558,0.0550568728668831,0.10838987320143181,0.12885787890360056,0.25786511231390064,0.20513746923683487,0.10755671045379965,0.028975713991690168,0.05010688033619435,0.07059624571039895,0.08349390755469527,0.08517427202380733,0.12832030379381504,0.04133064795039603,0.07938679854234838,0.049393636284377124,0.10090316155966607,0.03511650954194902,0.0,0.09832214136696098,0.1531690039683556,0.058407290854838215,0.05611982931362075,0.10769189614160425,0.1296235065892217,0.1634879001750517,0.1075282487549616,0.03753264887296264,0.08431848029681384,0.1479904796153071,0.099631905154558,0.14434657793019579,0.08114519348467966,0.05862164445905077,0.10876369849507161,0.16794491652364743,0.08035028691535663,0.029357493465462993,0.1074294950390418,0.09832214136696098,0.0,0.055392023432410176,0.1023044414720806,0.06535329922832049,0.03459709861502935,0.04612518915170749,0.11107090096568342,0.052738547707269844,0.06386515884196389,0.1379423741348341,0.20289006139645235,0.14309053470307476,0.1922029582435822,0.12262311953573543,0.07219045060458344,0.1587558482990511,0.22078863450127356,0.13167428673501516,0.06588707055565461,0.15839451605211455,0.1531690039683556,0.055392023432410176,0.0,0.14951202671188527,0.11471306024517522,0.060317845830184236,0.04535312451722797,0.23883645557559033,0.20108406538688284,0.12574986875591765,0.07887972177067595,0.09031012055718274,0.1106152083197948,0.1387953344767652,0.12975943114508237,0.15211020621849927,0.07648587012034222,0.12794396026492594,0.09805490720022159,0.11982899380783764,0.04007490561709558,0.058407290854838215,0.1023044414720806,0.14951202671188527,0.0,0.037896344651384105,0.09165655168466107,0.11208660125837012,0.21034181982271224,0.16711293951044734,0.09158149735472365,0.06402465088887291,0.10253776373148552,0.09743235413423605,0.13238651775535282,0.1028804275926398,0.11564098330685417,0.07748321440023993,0.13498622151778789,0.07707996890789906,0.08364181648800138,0.0550568728668831,0.05611982931362075,0.06535329922832049,0.11471306024517522,0.037896344651384105,0.0,0.058697975414380155,0.08097131781291408,0.1522344304142247,0.11091300797314717,0.06952908491024179,0.10213688407710557,0.1573227089008725,0.12127713915284162,0.16776855611846292,0.112831122627993,0.09094989475113816,0.12014413444735239,0.18371618697734676,0.104560101022208,0.06391028233786653,0.10838987320143181,0.10769189614160425,0.03459709861502935,0.060317845830184236,0.09165655168466107,0.058697975414380155,0.0,0.022954232110382413,0.1295361767596122,0.09183596750879623,0.07515141679362934,0.12225794182396274,0.17938342622557685,0.1361364235862294,0.18562062431004753,0.12686659444598333,0.0948742422460511,0.13887276257892708,0.20432013467902824,0.12306952550781645,0.07293382994541817,0.12885787890360056,0.1296235065892217,0.04612518915170749,0.04535312451722797,0.11208660125837012,0.08097131781291408,0.022954232110382413,0.0,N
0.0,0.07237817426173745,0.16900874540728653,0.2380051854730025,0.2994129402492954,0.2408442858703797,0.29413289658215147,0.22873768844798414,0.1751758708345798,0.25234494767491805,0.3110183024161812,0.23237409663668282,0.1736907229136441,0.24589764932301017,0.2535210545444268,0.16055597996214968,0.10742712463448494,0.22939553735580492,0.21742195638545117,0.15794408306298938,0.13091548861633523,0.07237817426173745,0.0,0.10146718132395897,0.17667272247654356,0.24214912668074892,0.1758715572293722,0.2270116466496666,0.16014556815344907,0.10654956241688981,0.19310792263361848,0.24799485052264944,0.16779361057012693,0.1085829432856716,0.19372204480188107,0.1977882458184075,0.1045623625613581,0.051320853883086104,0.1858699522495933,0.17016970714973237,0.11320426197719662,0.08915446484907966,0.16900874540728653,0.10146718132395897,0.0,0.07942376996103029,0.14714575043605907,0.07714513436808812,0.1257469972543559,0.0619678990325934,0.036797722204082464,0.09750621687939794,0.14751007523048873,0.06944435936442914,0.02864403643888921,0.108429701360312,0.10776387465556571,0.04633942718661651,0.06735386494792037,0.11755360077284377,0.09933000974556107,0.07234777385689442,0.07443329795172633,0.2380051854730025,0.17667272247654356,0.07942376996103029,0.0,0.06781315191775478,0.04509542911544384,0.0692113249453885,0.0506441122567369,0.09082648672177258,0.030890524070230047,0.0734587711647716,0.02535693790738457,0.07518897828820342,0.04599518919439501,0.03547247400648349,0.08094555791542161,0.1323710564506232,0.07530937825109016,0.06275213054248123,0.09326355689013109,0.11494304355033326,0.2994129402492954,0.24214912668074892,0.14714575043605907,0.06781315191775478,0.0,0.09397652101208609,0.07679995494073215,0.10873630465950354,0.15585929128333462,0.05956104065895419,0.04174208074714697,0.0850069622667376,0.14051958430449565,0.05902980118130161,0.047150184682019716,0.14127004094962128,0.1953041959974483,0.08961136042685015,0.09127762798452473,0.14499241475923869,0.17047387350537374,0.2408442858703797,0.1758715572293722,0.07714513436808812,0.04509542911544384,0.09397652101208609,0.0,0.0591501349839703,0.052696348287167884,0.09704673735021069,0.041795654842434075,0.08249669534475298,0.050849299394761384,0.08756149080424094,0.07721444108812331,0.07679953974754855,0.10014063356880504,0.14053307730703726,0.11108013853997199,0.10051516773990592,0.11620869852720592,0.13077708580238964,0.29413289658215147,0.2270116466496666,0.1257469972543559,0.0692113249453885,0.07679995494073215,0.0591501349839703,0.0,0.07292347115965224,0.1323367779785166,0.06652405176156234,0.0420507991345382,0.07056054139770124,0.1272035108560324,0.09984507746798069,0.08710771700469844,0.1441962059130768,0.18988248320390919,0.13763073664511685,0.12927184158751734,0.16094045977589114,0.18002202702606784,0.22873768844798414,0.16014556815344907,0.0619678990325934,0.0506441122567369,0.10873630465950354,0.052696348287167884,0.07292347115965224,0.0,0.05968974658546597,0.07405089213627078,0.0982355418768066,0.02854008419703322,0.05837317104107621,0.09608632879402913,0.08237827771332445,0.08412134387397768,0.12394473051632232,0.11907169866798531,0.10151234309428722,0.10886036474984226,0.12335877017063492,0.1751758708345798,0.10654956241688981,0.036797722204082464,0.09082648672177258,0.15585929128333462,0.09704673735021069,0.1323367779785166,0.05968974658546597,0.0,0.11621731685036761,0.1546441263621795,0.07212612060751068,0.024244552892546647,0.1253650628923515,0.11683229811851768,0.056209174554348595,0.07421283151073609,0.1315870103250139,0.11085429712262544,0.0859122504991096,0.08945229738430364,0.25234494767491805,0.19310792263361848,0.09750621687939794,0.030890524070230047,0.05956104065895419,0.041795654842434075,0.06652405176156234,0.07405089213627078,0.11621731685036761,0.0,0.06526570457953926,0.054188506279981265,0.09996023138393206,0.039236329941452645,0.04339580661665012,0.10152856646572228,0.15050545331344573,0.0785300598718973,0.073574918449851,0.10872552334483473,0.12940973829015218,0.3110183024161812,0.24799485052264944,0.14751007523048873,0.0734587711647716,0.04174208074714697,0.08249669534475298,0.0420507991345382,0.0982355418768066,0.1546441263621795,0.06526570457953926,0.0,0.08367393355516477,0.1445018062032462,0.08608906884009804,0.07246004736813469,0.15407632087338868,0.20541096691819324,0.12271865633399631,0.11962727677624188,0.1646351736302449,0.18766643616268355,0.23237409663668282,0.16779361057012693,0.06944435936442914,0.02535693790738457,0.0850069622667376,0.050849299394761384,0.07056054139770124,0.02854008419703322,0.07212612060751068,0.054188506279981265,0.08367393355516477,0.0,0.06126430985456941,0.06965639479158475,0.054120948621099896,0.07658477636507627,0.12536022866447574,0.09261129820155961,0.07608910798389239,0.09575274474372125,0.11529929375122833,0.1736907229136441,0.1085829432856716,0.02864403643888921,0.07518897828820342,0.14051958430449565,0.08756149080424094,0.1272035108560324,0.05837317104107621,0.024244552892546647,0.09996023138393206,0.1445018062032462,0.06126430985456941,0.0,0.10442728102908287,0.09844432809986665,0.033966662926103015,0.0672409218441925,0.10823909207498858,0.0877595182421055,0.06366425929290503,0.071321013142242,0.24589764932301017,0.19372204480188107,0.108429701360312,0.04599518919439501,0.05902980118130161,0.07721444108812331,0.09984507746798069,0.09608632879402913,0.1253650628923515,0.039236329941452645,0.08608906884009804,0.06965639479158475,0.10442728102908287,0.0,0.028081070909601717,0.09461437154886436,0.14632665968424874,0.04105110357064042,0.04254469244324422,0.0920825929541283,0.11652714011059324,0.2535210545444268,0.1977882458184075,0.10776387465556571,0.03547247400648349,0.047150184682019716,0.07679953974754855,0.08710771700469844,0.08237827771332445,0.11683229811851768,0.04339580661665012,0.07246004736813469,0.054120948621099896,0.09844432809986665,0.028081070909601717,0.0,0.09509894088582524,0.14957297602461303,0.05345882026098592,0.0475577925157339,0.09841890382041377,0.12424021761944316,0.16055597996214968,0.1045623625613581,0.04633942718661651,0.08094555791542161,0.14127004094962128,0.10014063356880504,0.1441962059130768,0.08412134387397768,0.056209174554348595,0.10152856646572228,0.15407632087338868,0.07658477636507627,0.033966662926103015,0.09461437154886436,0.09509894088582524,0.0,0.054862126482675015,0.08753130875758369,0.0686689514471734,0.029815577940345624,0.040922659036574154,0.10742712463448494,0.051320853883086104,0.06735386494792037,0.1323710564506232,0.1953041959974483,0.14053307730703726,0.18988248320390919,0.12394473051632232,0.07421283151073609,0.15050545331344573,0.20541096691819324,0.12536022866447574,0.0672409218441925,0.14632665968424874,0.14957297602461303,0.054862126482675015,0.0,0.13603367990595963,0.11972135840365167,0.06307684229873528,0.04231221181180708,0.22939553735580492,0.1858699522495933,0.11755360077284377,0.07530937825109016,0.08961136042685015,0.11108013853997199,0.13763073664511685,0.11907169866798531,0.1315870103250139,0.0785300598718973,0.12271865633399631,0.09261129820155961,0.10823909207498858,0.04105110357064042,0.05345882026098592,0.08753130875758369,0.13603367990595963,0.0,0.02139528217105677,0.07395827553651194,0.09967049670705226,0.21742195638545117,0.17016970714973237,0.09933000974556107,0.06275213054248123,0.09127762798452473,0.10051516773990592,0.12927184158751734,0.10151234309428722,0.11085429712262544,0.073574918449851,0.11962727677624188,0.07608910798389239,0.0877595182421055,0.04254469244324422,0.0475577925157339,0.0686689514471734,0.11972135840365167,0.02139528217105677,0.0,0.05960419927403408,0.08667045832966763,0.15794408306298938,0.11320426197719662,0.07234777385689442,0.09326355689013109,0.14499241475923869,0.11620869852720592,0.16094045977589114,0.10886036474984226,0.0859122504991096,0.10872552334483473,0.1646351736302449,0.09575274474372125,0.06366425929290503,0.0920825929541283,0.09841890382041377,0.029815577940345624,0.06307684229873528,0.07395827553651194,0.05960419927403408,0.0,0.027521221308711354,0.13091548861633523,0.08915446484907966,0.07443329795172633,0.11494304355033326,0.17047387350537374,0.13077708580238964,0.18002202702606784,0.12335877017063492,0.08945229738430364,0.12940973829015218,0.18766643616268355,0.11529929375122833,0.071321013142242,0.11652714011059324,0.12424021761944316,0.040922659036574154,0.04231221181180708,0.09967049670705226,0.08667045832966763,0.027521221308711354,0.0,N
0.0,0.06639624220473649,0.16104010090767204,0.22592566963554583,0.2851183513065463,0.22851338838882582,0.27957707297729595,0.21785126814733335,0.1652729988225623,0.2404033322631671,0.3070004879711154,0.23123268306076133,0.17179126887578422,0.233205615097273,0.2442510442975081,0.15161602811101674,0.09924787662466869,0.21717947673101698,0.20940779342144153,0.15050503002799345,0.12382356476382629,0.06639624220473649,0.0,0.10105091360025831,0.1727939317011717,0.23592868608900408,0.1705527286757108,0.2196896024713035,0.1563404761052455,0.10370614819764591,0.1888636247576083,0.25184597207936504,0.17430945870910897,0.11454897687451905,0.18922958836657156,0.19658284363263018,0.1031981233142562,0.0498777534599989,0.18207387031748873,0.17024143447819728,0.11335983624153367,0.08885689895683938,0.16104010090767204,0.10105091360025831,0.0,0.07614000949947666,0.14114079275833435,0.07160049328153073,0.118972989875764,0.06045057330423367,0.04093619171584172,0.09298792480869401,0.15175454003754646,0.07665467779512093,0.032718139987953275,0.10439468572954792,0.10712174776941748,0.04646768198495125,0.06739815385495977,0.11486854714269419,0.09926990239776844,0.0707478776857761,0.07099490546099493,0.22592566963554583,0.1727939317011717,0.07614000949947666,0.0,0.06502391884477443,0.044114811365808144,0.06754070056923875,0.054609356603576915,0.0931359842722344,0.02664196099708237,0.08128526370537914,0.028514796885195075,0.06762589668503476,0.043324860467540874,0.03753770790558195,0.07928585481974257,0.12975053606502843,0.07401537993290119,0.06091620111844013,0.08818485789364237,0.10865369584733778,0.2851183513065463,0.23592868608900408,0.14114079275833435,0.06502391884477443,0.0,0.09186302271680792,0.07591761499033657,0.10856284322248276,0.15483839412235145,0.05520979696099868,0.043770225648426815,0.07615113992001735,0.12962353941596538,0.05647153519347058,0.044280880277240496,0.13750876836907286,0.19072919267184285,0.08840993839824433,0.08642564593378935,0.1382362652709302,0.16281909935342107,0.22851338838882582,0.1705527286757108,0.07160049328153073,0.044114811365808144,0.09186302271680792,0.0,0.05713375366582545,0.05271041677392212,0.09608540991116782,0.04313312397253893,0.09127763211405142,0.05089290224284253,0.07938670579546797,0.07862612594257742,0.07957464892125622,0.09792933582347585,0.1365986298068858,0.11202321964881955,0.10054935651025991,0.11186353546770048,0.1243141053539635,0.27957707297729595,0.2196896024713035,0.118972989875764,0.06754070056923875,0.07591761499033657,0.05713375366582545,0.0,0.07006272073019464,0.12892949238529708,0.06480091263536564,0.04961607964020674,0.05926280976663236,0.11492343957744242,0.09900218121707,0.0854514510099747,0.13866453239229345,0.1833841790342702,0.13625929191239003,0.12535509646861012,0.15372042099986805,0.17133230678247788,0.21785126814733335,0.1563404761052455,0.06045057330423367,0.054609356603576915,0.10856284322248276,0.05271041677392212,0.07006272073019464,0.0,0.05924047777540264,0.07480209355076242,0.10637853127672564,0.03394226097461414,0.0506490067073407,0.0970371365640381,0.0844722852669544,0.08183032055910525,0.12062273637406294,0.11997950253763914,0.10249183347280023,0.10622823945109833,0.11906696776802468,0.1652729988225623,0.10370614819764591,0.04093619171584172,0.0931359842722344,0.15483839412235145,0.09608540991116782,0.12892949238529708,0.05924047777540264,0.0,0.11613567641763065,0.1622024060063282,0.0816887162090271,0.029640157457670353,0.125114289407997,0.11873251600726042,0.054840721380803946,0.0712491722701709,0.1316023607036123,0.11316682184138781,0.08573625095280041,0.08746337520530621,0.2404033322631671,0.1888636247576083,0.09298792480869401,0.02664196099708237,0.05520979696099868,0.04313312397253893,0.06480091263536564,0.07480209355076242,0.11613567641763065,0.0,0.07213328981124842,0.05071421397229419,0.09109545477922025,0.03976117167711534,0.04484848573135942,0.09965583498781225,0.1476817867493324,0.07873891003310629,0.07159606418018828,0.1037078010719217,0.12320104329751763,0.3070004879711154,0.25184597207936504,0.15175454003754646,0.08128526370537914,0.043770225648426815,0.09127763211405142,0.04961607964020674,0.10637853127672564,0.1622024060063282,0.07213328981124842,0.0,0.08126353829913176,0.14236793496104314,0.09229890979293524,0.0765758244253918,0.15909835217724555,0.2101154279772718,0.12809156008791087,0.12237236560349482,0.16685383707486623,0.18926292378315465,0.23123268306076133,0.17430945870910897,0.07665467779512093,0.028514796885195075,0.07615113992001735,0.05089290224284253,0.05926280976663236,0.03394226097461414,0.0816887162090271,0.05071421397229419,0.08126353829913176,0.0,0.06175808844613748,0.06852937747891835,0.05163504877480698,0.08350798730111401,0.13249286834371507,0.09445949897404705,0.07840194645286705,0.10011473203881968,0.11943989253390423,0.17179126887578422,0.11454897687451905,0.032718139987953275,0.06762589668503476,0.12962353941596538,0.07938670579546797,0.11492343957744242,0.0506490067073407,0.029640157457670353,0.09109545477922025,0.14236793496104314,0.06175808844613748,0.0,0.09606824996436394,0.09146382699316438,0.03405896182398376,0.07276344492603899,0.10236680853933415,0.08404731072008716,0.06335121623096834,0.07236502694986251,0.233205615097273,0.18922958836657156,0.10439468572954792,0.043324860467540874,0.05647153519347058,0.07862612594257742,0.09900218121707,0.0970371365640381,0.125114289407997,0.03976117167711534,0.09229890979293524,0.06852937747891835,0.09606824996436394,0.0,0.030146843490772467,0.09260823840389286,0.1434958180847224,0.040606732807383125,0.03886227123790053,0.08634359482962956,0.11024961537566955,0.2442510442975081,0.19658284363263018,0.10712174776941748,0.03753770790558195,0.044280880277240496,0.07957464892125622,0.0854514510099747,0.0844722852669544,0.11873251600726042,0.04484848573135942,0.0765758244253918,0.05163504877480698,0.09146382699316438,0.030146843490772467,0.0,0.09539830713035462,0.1495831638087788,0.05520423035205737,0.046376269137033646,0.09615023370146941,0.12168711200645262,0.15161602811101674,0.1031981233142562,0.04646768198495125,0.07928585481974257,0.13750876836907286,0.09792933582347585,0.13866453239229345,0.08183032055910525,0.054840721380803946,0.09965583498781225,0.15909835217724555,0.08350798730111401,0.03405896182398376,0.09260823840389286,0.09539830713035462,0.0,0.05468694638626295,0.08662216556546344,0.07086400297581157,0.030943057279772444,0.04030036255081136,0.09924787662466869,0.0498777534599989,0.06739815385495977,0.12975053606502843,0.19072919267184285,0.1365986298068858,0.1833841790342702,0.12062273637406294,0.0712491722701709,0.1476817867493324,0.2101154279772718,0.13249286834371507,0.07276344492603899,0.1434958180847224,0.1495831638087788,0.05468694638626295,0.0,0.13423148445704175,0.12156911347174676,0.06532749553473662,0.04449484116343508,0.21717947673101698,0.18207387031748873,0.11486854714269419,0.07401537993290119,0.08840993839824433,0.11202321964881955,0.13625929191239003,0.11997950253763914,0.1316023607036123,0.07873891003310629,0.12809156008791087,0.09445949897404705,0.10236680853933415,0.040606732807383125,0.05520423035205737,0.08662216556546344,0.13423148445704175,0.0,0.019569814165826805,0.06952432614157164,0.095126455480199,0.20940779342144153,0.17024143447819728,0.09926990239776844,0.06091620111844013,0.08642564593378935,0.10054935651025991,0.12535509646861012,0.10249183347280023,0.11316682184138781,0.07159606418018828,0.12237236560349482,0.07840194645286705,0.08404731072008716,0.03886227123790053,0.046376269137033646,0.07086400297581157,0.12156911347174676,0.019569814165826805,0.0,0.059078763384871585,0.08610776612406444,0.15050503002799345,0.11335983624153367,0.0707478776857761,0.08818485789364237,0.1382362652709302,0.11186353546770048,0.15372042099986805,0.10622823945109833,0.08573625095280041,0.1037078010719217,0.16685383707486623,0.10011473203881968,0.06335121623096834,0.08634359482962956,0.09615023370146941,0.030943057279772444,0.06532749553473662,0.06952432614157164,0.059078763384871585,0.0,0.027609282504278593,0.12382356476382629,0.08885689895683938,0.07099490546099493,0.10865369584733778,0.16281909935342107,0.1243141053539635,0.17133230678247788,0.11906696776802468,0.08746337520530621,0.12320104329751763,0.18926292378315465,0.11943989253390423,0.07236502694986251,0.11024961537566955,0.12168711200645262,0.04030036255081136,0.04449484116343508,0.095126455480199,0.08610776612406444,0.027609282504278593,0.0,N
0.0,0.06623677589854925,0.15867869704976936,0.22303171322908488,0.2810543416539107,0.22420050029088592,0.27849945619835015,0.21763120233791258,0.16553604309490377,0.23516688645894224,0.3003715159472566,0.2277395393243569,0.169915338666092,0.22882910366525183,0.2404418361788416,0.1521957983328571,0.10098624838838652,0.21324949131990287,0.20430370872498427,0.14632781770559122,0.11831421062301081,0.06623677589854925,0.0,0.09858447322406211,0.16969909674366812,0.23172639146701937,0.1664346711226095,0.21913824334625454,0.1568818264156085,0.10453146641256425,0.18378570547735892,0.24548477075501807,0.17124883237791835,0.11272802724860702,0.184937971527704,0.1929332732253655,0.10421273526263244,0.052079542179754794,0.17823535481735997,0.16568576093198997,0.10957999650195784,0.08320533188790602,0.15867869704976936,0.09858447322406211,0.0,0.07536826439146098,0.13935319873571206,0.06969857116144192,0.12067337954980648,0.06218551586309707,0.038463836272476175,0.09077223052178675,0.14805043482081826,0.07599344116411343,0.03160925678484442,0.10293147863719439,0.10612504026411394,0.047358912785309654,0.06463413175336329,0.11362215893755966,0.09844052670231092,0.07101542533635716,0.07089537665576044,0.22303171322908488,0.16969909674366812,0.07536826439146098,0.0,0.06402225914611376,0.04027851787742012,0.06584929439318808,0.04799789839570827,0.08706715861013836,0.024609063163019515,0.07740699454066614,0.02479829726480833,0.06534482404463637,0.043685571092543965,0.03783648727209867,0.07613197404204024,0.12528955642081116,0.07441385345920594,0.06322854859226643,0.08994177841036587,0.11077574572418776,0.2810543416539107,0.23172639146701937,0.13935319873571206,0.06402225914611376,0.0,0.08874822727642401,0.06983463890288047,0.10064080846637552,0.14771109593877127,0.05461755929896072,0.03985889604237786,0.07271251543947516,0.12649419547790655,0.05683544712117948,0.043857196931093224,0.13257491539967808,0.18488970253356113,0.08844467456780061,0.08829878826738898,0.13881478001598083,0.16427437642775816,0.22420050029088592,0.1664346711226095,0.06969857116144192,0.04027851787742012,0.08874822727642401,0.0,0.05933835633958853,0.04853279401495297,0.08989816160301371,0.041301375814461874,0.08784446110034402,0.04742549683546184,0.07497834819195776,0.07582767781416727,0.07628470872518266,0.0931349141227837,0.1310870406892709,0.1085522089271034,0.09852134054819003,0.1104292239422588,0.12366934676311964,0.27849945619835015,0.21913824334625454,0.12067337954980648,0.06584929439318808,0.06983463890288047,0.05933835633958853,0.0,0.06841767015183883,0.12660571519314143,0.06450741547550683,0.04354079351826171,0.05967516014502952,0.11471820072048167,0.09666111297183701,0.08272345758617246,0.13656773656017304,0.18086646803404421,0.13344858217600455,0.12507481828165223,0.154652213590765,0.17316564684510624,0.21763120233791258,0.1568818264156085,0.06218551586309707,0.04799789839570827,0.10064080846637552,0.04853279401495297,0.06841767015183883,0.0,0.05849689592500651,0.06819446878476959,0.09832374112342122,0.02969426501163553,0.05059434155838873,0.09050369401343815,0.07824657905224305,0.07983759727040277,0.11864995240750432,0.11411194286420806,0.09836351613230217,0.10502948741506422,0.11878168365971611,0.16553604309490377,0.10453146641256425,0.038463836272476175,0.08706715861013836,0.14771109593877127,0.08989816160301371,0.12660571519314143,0.05849689592500651,0.0,0.10864145680778294,0.15402321579043676,0.07722454091063818,0.026047915636429646,0.1181032217069873,0.11269047723649346,0.053014591063654574,0.06934734132782136,0.12523511040922808,0.10721321308874786,0.08180730769523667,0.08374740118094844,0.23516688645894224,0.18378570547735892,0.09077223052178675,0.024609063163019515,0.05461755929896072,0.041301375814461874,0.06450741547550683,0.06819446878476959,0.10864145680778294,0.0,0.06991819094457921,0.046522952260639,0.08661024706572014,0.03828651129052985,0.04236724231405365,0.09363166066839754,0.14102337995938394,0.07629233786106383,0.07075816532904006,0.10267065211924739,0.12322056583008614,0.3003715159472566,0.24548477075501807,0.14805043482081826,0.07740699454066614,0.03985889604237786,0.08784446110034402,0.04354079351826171,0.09832374112342122,0.15402321579043676,0.06991819094457921,0.0,0.07755446393842827,0.1374227342316756,0.08910623038321049,0.07335679490949294,0.15204903508225662,0.2020639699582313,0.12429307866714227,0.12073969695293683,0.16428217077842222,0.18736100664990182,0.2277395393243569,0.17124883237791835,0.07599344116411343,0.02479829726480833,0.07271251543947516,0.04742549683546184,0.05967516014502952,0.02969426501163553,0.07722454091063818,0.046522952260639,0.07755446393842827,0.0,0.060343812697953754,0.06466706152580647,0.04913382877433429,0.07971006446381879,0.12753019541319685,0.09092551540880293,0.07695645105821557,0.09915583246869107,0.11884872056946175,0.169915338666092,0.11272802724860702,0.03160925678484442,0.06534482404463637,0.12649419547790655,0.07497834819195776,0.11471820072048167,0.05059434155838873,0.026047915636429646,0.08661024706572014,0.1374227342316756,0.060343812697953754,0.0,0.09270942321415589,0.08942857057331413,0.03376414275016653,0.06937709289644363,0.09977824587217832,0.08206411973636582,0.06259116839516932,0.07132071288448144,0.22882910366525183,0.184937971527704,0.10293147863719439,0.043685571092543965,0.05683544712117948,0.07582767781416727,0.09666111297183701,0.09050369401343815,0.1181032217069873,0.03828651129052985,0.08910623038321049,0.06466706152580647,0.09270942321415589,0.0,0.028470173992815352,0.08712988648841248,0.13747405069108512,0.039680677869023254,0.03947745487645422,0.0865801042190695,0.11180394339090031,0.2404418361788416,0.1929332732253655,0.10612504026411394,0.03783648727209867,0.043857196931093224,0.07628470872518266,0.08272345758617246,0.07824657905224305,0.11269047723649346,0.04236724231405365,0.07335679490949294,0.04913382877433429,0.08942857057331413,0.028470173992815352,0.0,0.09086012824697111,0.14408410761906246,0.05411884600227514,0.04780680414989381,0.0965842741749402,0.1228926239597153,0.1521957983328571,0.10421273526263244,0.047358912785309654,0.07613197404204024,0.13257491539967808,0.0931349141227837,0.13656773656017304,0.07983759727040277,0.053014591063654574,0.09363166066839754,0.15204903508225662,0.07971006446381879,0.03376414275016653,0.08712988648841248,0.09086012824697111,0.0,0.05362194199784028,0.08169295371670018,0.06552696620122175,0.029214256777210856,0.04134425748167976,0.10098624838838652,0.052079542179754794,0.06463413175336329,0.12528955642081116,0.18488970253356113,0.1310870406892709,0.18086646803404421,0.11864995240750432,0.06934734132782136,0.14102337995938394,0.2020639699582313,0.12753019541319685,0.06937709289644363,0.13747405069108512,0.14408410761906246,0.05362194199784028,0.0,0.12858452960044184,0.1150446928245901,0.05965887670209947,0.037366395951402835,0.21324949131990287,0.17823535481735997,0.11362215893755966,0.07441385345920594,0.08844467456780061,0.1085522089271034,0.13344858217600455,0.11411194286420806,0.12523511040922808,0.07629233786106383,0.12429307866714227,0.09092551540880293,0.09977824587217832,0.039680677869023254,0.05411884600227514,0.08169295371670018,0.12858452960044184,0.0,0.018866104540442487,0.06990022954154831,0.09707570936166623,0.20430370872498427,0.16568576093198997,0.09844052670231092,0.06322854859226643,0.08829878826738898,0.09852134054819003,0.12507481828165223,0.09836351613230217,0.10721321308874786,0.07075816532904006,0.12073969695293683,0.07695645105821557,0.08206411973636582,0.03947745487645422,0.04780680414989381,0.06552696620122175,0.1150446928245901,0.018866104540442487,0.0,0.05828777132214491,0.08651045655060291,0.14632781770559122,0.10957999650195784,0.07101542533635716,0.08994177841036587,0.13881478001598083,0.1104292239422588,0.154652213590765,0.10502948741506422,0.08180730769523667,0.10267065211924739,0.16428217077842222,0.09915583246869107,0.06259116839516932,0.0865801042190695,0.0965842741749402,0.029214256777210856,0.05965887670209947,0.06990022954154831,0.05828777132214491,0.0,0.028603543515075953,0.11831421062301081,0.08320533188790602,0.07089537665576044,0.11077574572418776,0.16427437642775816,0.12366934676311964,0.17316564684510624,0.11878168365971611,0.08374740118094844,0.12322056583008614,0.18736100664990182,0.11884872056946175,0.07132071288448144,0.11180394339090031,0.1228926239597153,0.04134425748167976,0.037366395951402835,0.09707570936166623,0.08651045655060291,0.028603543515075953,0.0,N
