0.0,0.0544172564265536,0.11763550398131913,0.16722058192140551,0.21515323990038263,0.19181466954502077,0.259996609233751,0.31413163890649615,0.36065657322058203,0.16158583525350578,0.21900760332357727,0.2612994480020438,0.29976746041910957,0.12150085478643542,0.19378978729377672,0.17936072658149385,0.1472007296801737,0.1147742920294989,0.2015657368390669,0.1916451204171194,0.1572102490494096,0.0544172564265536,0.0,0.06467609953085768,0.11623244565886202,0.1638793815936142,0.14424253484596586,0.2097992459960935,0.26344955036366907,0.30979294217659537,0.11930702811661974,0.17459696904430028,0.22233279903611305,0.2640942312288068,0.09117839269604197,0.1701413851405883,0.16506648973118696,0.13698869625694188,0.10896939683744182,0.19384556706784972,0.18977691501117985,0.1589506272786891,0.11763550398131913,0.06467609953085768,0.0,0.052908438121438875,0.09972470443987598,0.09911635050930064,0.15211388734299452,0.20324603755214346,0.24883848141264708,0.08440190910524248,0.11727857353917072,0.17152590575260654,0.21685939820163938,0.07700037044564648,0.1439173414467794,0.1533206230473464,0.13485419914999283,0.1170857085910674,0.18562660202231512,0.18953291161742744,0.16629705289625263,0.16722058192140551,0.11623244565886202,0.052908438121438875,0.0,0.05213045111364008,0.0976004470420302,0.12189306675841369,0.16558122248962126,0.20877560043925805,0.09546620305982552,0.07082477371408022,0.12678310048699115,0.17375476669738646,0.09928504335157186,0.12645210799000622,0.1476516223331972,0.14014984948602371,0.13771534720106476,0.1799401087296009,0.18998901221080144,0.17530277962504315,0.21515323990038263,0.1638793815936142,0.09972470443987598,0.05213045111364008,0.0,0.09129418690580798,0.07991466707243845,0.11581574392695944,0.1575944796238368,0.10376664869478168,0.05588150438461731,0.11889820022038904,0.16666035993551853,0.12713861418224684,0.15066519918688526,0.18098500366326184,0.17957566708548073,0.17264126769896884,0.20849874559131348,0.22313989343498278,0.21293277981762135,0.19181466954502077,0.14424253484596586,0.09911635050930064,0.0976004470420302,0.09129418690580798,0.0,0.0771007438815102,0.13291141590805555,0.17901071610787395,0.04248074825202594,0.13256054130131217,0.20415817391043894,0.25362774029217,0.10625706165809716,0.20832951435533145,0.23135598573731853,0.21760928427591664,0.17469708636768982,0.25631875348288585,0.26628287120141203,0.24497408735141568,0.259996609233751,0.2097992459960935,0.15211388734299452,0.12189306675841369,0.07991466707243845,0.0771007438815102,0.0,0.05605326243797556,0.1026246533444477,0.10842191446097844,0.1215705779555077,0.18485927947161637,0.2302879077258441,0.16075185782668322,0.222174801550404,0.2543807638023785,0.2501933848238642,0.22132368835531724,0.2772285167221249,0.2926950310563644,0.27958548162849867,0.31413163890649615,0.26344955036366907,0.20324603755214346,0.16558122248962126,0.11581574392695944,0.13291141590805555,0.05605326243797556,0.0,0.04677863245031821,0.16324726452851707,0.14773404463816278,0.19675099330264104,0.23542936297540537,0.2116686678043946,0.25280941345917896,0.2886648564584956,0.28960369798035535,0.2676058324448798,0.3093847357325505,0.3274709772020578,0.31904372317278706,0.36065657322058203,0.30979294217659537,0.24883848141264708,0.20877560043925805,0.1575944796238368,0.17901071610787395,0.1026246533444477,0.04677863245031821,0.0,0.20946425837827878,0.18392814159350415,0.2223731961154805,0.25481937755664713,0.25692635511266537,0.2882383688084942,0.3256772185823214,0.32944443727224093,0.3107337117422538,0.34483054391941526,0.3642999248556362,0.35860080586008797,0.16158583525350578,0.11930702811661974,0.08440190910524248,0.09546620305982552,0.10376664869478168,0.04248074825202594,0.10842191446097844,0.16324726452851707,0.20946425837827878,0.0,0.12934486024235556,0.2006801643639913,0.2503514835555014,0.06659049387967762,0.18727883175668372,0.2074368043586891,0.19040522055200806,0.13650408897071784,0.22897921248899966,0.2375082500666966,0.2135316296555957,0.21900760332357727,0.17459696904430028,0.11727857353917072,0.07082477371408022,0.05588150438461731,0.13256054130131217,0.1215705779555077,0.14773404463816278,0.18392814159350415,0.12934486024235556,0.0,0.07291803433737892,0.12262350304787076,0.12632241987610446,0.10533380271492761,0.1417838615372018,0.1471239290520354,0.15113358292396598,0.1633844712108541,0.18148970041981363,0.17723688341728525,0.2612994480020438,0.22233279903611305,0.17152590575260654,0.12678310048699115,0.11889820022038904,0.20415817391043894,0.18485927947161637,0.19675099330264104,0.2223731961154805,0.2006801643639913,0.07291803433737892,0.0,0.049828194124103865,0.18613316203867714,0.09425339062339604,0.13009238087080013,0.1507067342145811,0.18838554261951546,0.14744410623195453,0.16834409319577243,0.17863344613842805,0.29976746041910957,0.2640942312288068,0.21685939820163938,0.17375476669738646,0.16666035993551853,0.25362774029217,0.2302879077258441,0.23542936297540537,0.25481937755664713,0.2503514835555014,0.12262350304787076,0.049828194124103865,0.0,0.23243599847404522,0.11865009993613657,0.14769963024394317,0.17501068747299933,0.2259026816917512,0.15911831571885116,0.17994546870351888,0.198756587683522,0.12150085478643542,0.09117839269604197,0.07700037044564648,0.09928504335157186,0.12713861418224684,0.10625706165809716,0.16075185782668322,0.2116686678043946,0.25692635511266537,0.06659049387967762,0.12632241987610446,0.18613316203867714,0.23243599847404522,0.0,0.1433952868352729,0.15667625763980123,0.13540361791595884,0.0701153003297732,0.17346496734309985,0.17923250899839782,0.15224636201671146,0.19378978729377672,0.1701413851405883,0.1439173414467794,0.12645210799000622,0.15066519918688526,0.20832951435533145,0.222174801550404,0.25280941345917896,0.2882383688084942,0.18727883175668372,0.10533380271492761,0.09425339062339604,0.11865009993613657,0.1433952868352729,0.0,0.041322014809307306,0.06076809179262908,0.1143756637738189,0.06014758986179816,0.07825013247584031,0.08441593959060854,0.17936072658149385,0.16506648973118696,0.1533206230473464,0.1476516223331972,0.18098500366326184,0.23135598573731853,0.2543807638023785,0.2886648564584956,0.3256772185823214,0.2074368043586891,0.1417838615372018,0.13009238087080013,0.14769963024394317,0.15667625763980123,0.041322014809307306,0.0,0.03306299990587131,0.11435282729232983,0.04208335257824269,0.04763978103805065,0.05498702652169071,0.1472007296801737,0.13698869625694188,0.13485419914999283,0.14014984948602371,0.17957566708548073,0.21760928427591664,0.2501933848238642,0.28960369798035535,0.32944443727224093,0.19040522055200806,0.1471239290520354,0.1507067342145811,0.17501068747299933,0.13540361791595884,0.06076809179262908,0.03306299990587131,0.0,0.08907177193376038,0.059677663142728286,0.05598925439277087,0.03978199936879782,0.1147742920294989,0.10896939683744182,0.1170857085910674,0.13771534720106476,0.17264126769896884,0.17469708636768982,0.22132368835531724,0.2676058324448798,0.3107337117422538,0.13650408897071784,0.15113358292396598,0.18838554261951546,0.2259026816917512,0.0701153003297732,0.1143756637738189,0.11435282729232983,0.08907177193376038,0.0,0.12081573710789574,0.12157164544080222,0.09103553528009319,0.2015657368390669,0.19384556706784972,0.18562660202231512,0.1799401087296009,0.20849874559131348,0.25631875348288585,0.2772285167221249,0.3093847357325505,0.34483054391941526,0.22897921248899966,0.1633844712108541,0.14744410623195453,0.15911831571885116,0.17346496734309985,0.06014758986179816,0.04208335257824269,0.059677663142728286,0.12081573710789574,0.0,0.02512812452164946,0.0505665306739072,0.1916451204171194,0.18977691501117985,0.18953291161742744,0.18998901221080144,0.22313989343498278,0.26628287120141203,0.2926950310563644,0.3274709772020578,0.3642999248556362,0.2375082500666966,0.18148970041981363,0.16834409319577243,0.17994546870351888,0.17923250899839782,0.07825013247584031,0.04763978103805065,0.05598925439277087,0.12157164544080222,0.02512812452164946,0.0,0.03622910115991148,0.1572102490494096,0.1589506272786891,0.16629705289625263,0.17530277962504315,0.21293277981762135,0.24497408735141568,0.27958548162849867,0.31904372317278706,0.35860080586008797,0.2135316296555957,0.17723688341728525,0.17863344613842805,0.198756587683522,0.15224636201671146,0.08441593959060854,0.05498702652169071,0.03978199936879782,0.09103553528009319,0.0505665306739072,0.03622910115991148,0.0,P
0.0,0.07253923743402459,0.14204502435666994,0.18952680977672343,0.23447655162865882,0.22581383312048298,0.2835267613187607,0.3316209450683103,0.37399394722323803,0.19151091220691707,0.22221653746475703,0.2686668632888477,0.31515064038668505,0.13544488558938955,0.18235649511248914,0.1580224797764254,0.12496423333545385,0.10482405839751813,0.1795389472869548,0.16264910127851767,0.12726846157171237,0.07253923743402459,0.0,0.0703851883403808,0.11966042755386527,0.16496554580740658,0.16086080100867828,0.21584867496206062,0.263832123125723,0.30615504180149766,0.13274042520495669,0.16591458531709602,0.22236547584500682,0.2754652859049272,0.09173315516924332,0.15520372140079555,0.1388725387262204,0.10581711076665426,0.09879689036872402,0.17579574599477796,0.16374613607293043,0.12744506572982914,0.14204502435666994,0.0703851883403808,0.0,0.05170293679761926,0.0957876796784364,0.10464897956224674,0.14932081532243227,0.19597546472826563,0.237692117977131,0.08915351018253267,0.1149801947095129,0.1822032300363566,0.24093144358687135,0.08214737166271008,0.14627953809680563,0.14293794852041855,0.11891191875758209,0.12495368475839028,0.18759378279204494,0.1819787872026883,0.15126493731612498,0.18952680977672343,0.11966042755386527,0.05170293679761926,0.0,0.04633885362512536,0.0971867431001552,0.11444030054847942,0.1552100565051834,0.19418263343773515,0.09737055007212217,0.08038720261670165,0.14769652981760656,0.2075452741175555,0.10929568764559246,0.14184886316715875,0.14828587226555898,0.13537838093690638,0.15430980072280284,0.19367682784934293,0.19298359428052247,0.17013199348671085,0.23447655162865882,0.16496554580740658,0.0957876796784364,0.04633885362512536,0.0,0.09386824289789569,0.07902279054864986,0.11240568830422625,0.14919641432118405,0.10876549919118358,0.0761187251677647,0.14129559724027232,0.2005082976550333,0.13836566193824879,0.16380275159609503,0.17711956255960748,0.16998796181143136,0.18863961142882357,0.22007692748727253,0.22268761861851277,0.20381091242456925,0.22581383312048298,0.16086080100867828,0.10464897956224674,0.0971867431001552,0.09386824289789569,0.0,0.07479952846822008,0.12463286274461606,0.1684983262666962,0.04457053473258374,0.1397597387533793,0.2210477857356519,0.2836399243257678,0.11432361347193025,0.21597724534462714,0.22292550455024607,0.20163950018891158,0.1871345675335339,0.26409317410304217,0.26234532537163047,0.23112291026411427,0.2835267613187607,0.21584867496206062,0.14932081532243227,0.11444030054847942,0.07902279054864986,0.07479952846822008,0.0,0.05077422933707886,0.09495530896205842,0.1070288209755981,0.127405014675464,0.19595252499375115,0.2537792948090304,0.16454898518894734,0.2245439707626403,0.24004585286804436,0.22934286282398006,0.22931138872865647,0.2794915073995403,0.2826758790492129,0.26001985670954975,0.3316209450683103,0.263832123125723,0.19597546472826563,0.1552100565051834,0.11240568830422625,0.12463286274461606,0.05077422933707886,0.0,0.044195438051058696,0.1564928866162692,0.15288980572354766,0.20626323069365163,0.2572120574762369,0.2111030778858858,0.2537008459538475,0.27297059709561444,0.2673693243860044,0.272106884760397,0.3100571222115663,0.3156761527793642,0.29746978948606595,0.37399394722323803,0.30615504180149766,0.237692117977131,0.19418263343773515,0.14919641432118405,0.1684983262666962,0.09495530896205842,0.044195438051058696,0.0,0.20028334297281195,0.18379194299160498,0.22420960352110478,0.26787167466884076,0.25318724849231034,0.2840631178413434,0.30558926472315995,0.30351199057636347,0.3115513674782336,0.340667860173542,0.3479424294711587,0.333032018560735,0.19151091220691707,0.13274042520495669,0.08915351018253267,0.09737055007212217,0.10876549919118358,0.04457053473258374,0.1070288209755981,0.1564928866162692,0.20028334297281195,0.0,0.1315438544136356,0.2147732734791604,0.27797531183769925,0.07232549265470292,0.19178546155546156,0.1958877359664979,0.1707832897692047,0.14661814167860227,0.23441356194691643,0.23123464378091535,0.19705215901328976,0.22221653746475703,0.16591458531709602,0.1149801947095129,0.08038720261670165,0.0761187251677647,0.1397597387533793,0.127405014675464,0.15288980572354766,0.18379194299160498,0.1315438544136356,0.0,0.08350452535543011,0.14670924424996995,0.12534236007549845,0.10092381115288207,0.12189569911929445,0.1239859202603392,0.15088323513521243,0.15795565653997992,0.16451233009205513,0.15267405230834605,0.2686668632888477,0.22236547584500682,0.1822032300363566,0.14769652981760656,0.14129559724027232,0.2210477857356519,0.19595252499375115,0.20626323069365163,0.22420960352110478,0.2147732734791604,0.08350452535543011,0.0,0.06324449336875464,0.19858752933274157,0.09990456346214946,0.12702645394464104,0.15074351668948568,0.19971340042700308,0.14816795768940794,0.16159328278325352,0.17128316688947115,0.31515064038668505,0.2754652859049272,0.24093144358687135,0.2075452741175555,0.2005082976550333,0.2836399243257678,0.2537792948090304,0.2572120574762369,0.26787167466884076,0.27797531183769925,0.14670924424996995,0.06324449336875464,0.0,0.25830242977156764,0.13857068702323821,0.16304534554353378,0.19441133605002978,0.24934514777816513,0.1704557327240843,0.18660682457365427,0.20818648647758806,0.13544488558938955,0.09173315516924332,0.08214737166271008,0.10929568764559246,0.13836566193824879,0.11432361347193025,0.16454898518894734,0.2111030778858858,0.25318724849231034,0.07232549265470292,0.12534236007549845,0.19858752933274157,0.25830242977156764,0.0,0.1442752250284412,0.1417023503169404,0.11113087066807041,0.07457555785647171,0.17510477678527966,0.1692167556134299,0.13137097178004048,0.18235649511248914,0.15520372140079555,0.14627953809680563,0.14184886316715875,0.16380275159609503,0.21597724534462714,0.2245439707626403,0.2537008459538475,0.2840631178413434,0.19178546155546156,0.10092381115288207,0.09990456346214946,0.13857068702323821,0.1442752250284412,0.0,0.029691704169592867,0.057716676683282224,0.1144972742927036,0.05813720696101989,0.06640070075733584,0.07172883678730271,0.1580224797764254,0.1388725387262204,0.14293794852041855,0.14828587226555898,0.17711956255960748,0.22292550455024607,0.24004585286804436,0.27297059709561444,0.30558926472315995,0.1958877359664979,0.12189569911929445,0.12702645394464104,0.16304534554353378,0.1417023503169404,0.029691704169592867,0.0,0.037135245753378475,0.10137646385231165,0.046399432201396675,0.04643628422199706,0.04807521760392564,0.12496423333545385,0.10581711076665426,0.11891191875758209,0.13537838093690638,0.16998796181143136,0.20163950018891158,0.22934286282398006,0.2673693243860044,0.30351199057636347,0.1707832897692047,0.1239859202603392,0.15074351668948568,0.19441133605002978,0.11113087066807041,0.057716676683282224,0.037135245753378475,0.0,0.06854250423460373,0.07207128129543096,0.06397342070912333,0.035326960195586385,0.10482405839751813,0.09879689036872402,0.12495368475839028,0.15430980072280284,0.18863961142882357,0.1871345675335339,0.22931138872865647,0.272106884760397,0.3115513674782336,0.14661814167860227,0.15088323513521243,0.19971340042700308,0.24934514777816513,0.07457555785647171,0.1144972742927036,0.10137646385231165,0.06854250423460373,0.0,0.12081499582655468,0.11076917179290993,0.06988196130225482,0.1795389472869548,0.17579574599477796,0.18759378279204494,0.19367682784934293,0.22007692748727253,0.26409317410304217,0.2794915073995403,0.3100571222115663,0.340667860173542,0.23441356194691643,0.15795565653997992,0.14816795768940794,0.1704557327240843,0.17510477678527966,0.05813720696101989,0.046399432201396675,0.07207128129543096,0.12081499582655468,0.0,0.0188834112570966,0.055662622717528136,0.16264910127851767,0.16374613607293043,0.1819787872026883,0.19298359428052247,0.22268761861851277,0.26234532537163047,0.2826758790492129,0.3156761527793642,0.3479424294711587,0.23123464378091535,0.16451233009205513,0.16159328278325352,0.18660682457365427,0.1692167556134299,0.06640070075733584,0.04643628422199706,0.06397342070912333,0.11076917179290993,0.0188834112570966,0.0,0.04220267487859306,0.12726846157171237,0.12744506572982914,0.15126493731612498,0.17013199348671085,0.20381091242456925,0.23112291026411427,0.26001985670954975,0.29746978948606595,0.333032018560735,0.19705215901328976,0.15267405230834605,0.17128316688947115,0.20818648647758806,0.13137097178004048,0.07172883678730271,0.04807521760392564,0.035326960195586385,0.06988196130225482,0.055662622717528136,0.04220267487859306,0.0,P
0.0,0.07593042311360781,0.14750224911691792,0.1950369562505744,0.2456216096667445,0.23713696385883826,0.2964018173812566,0.3439534581172026,0.3868166287198014,0.20249030025588477,0.22474184502200684,0.2635708056607238,0.3064605422310131,0.14726591928068059,0.17846674544411503,0.15694463843713252,0.12742532524341396,0.10306600246845728,0.16509245530280806,0.15104058053277977,0.11850452488500796,0.07593042311360781,0.0,0.0719581320479436,0.11999711826903223,0.17090329261887582,0.17017733216372735,0.22499117771975666,0.2717815644511436,0.3142337283601992,0.13968995014349736,0.1571634780555548,0.20489655402754195,0.2542533435954703,0.09174918552182654,0.1356569632642221,0.12326795779105403,0.09493967842097566,0.07653109065823,0.14796658611030378,0.14032093360182646,0.10789346555677079,0.14750224911691792,0.0719581320479436,0.0,0.04967510523617717,0.09992080130325992,0.11257686182241182,0.15711754897362218,0.20224466411472028,0.24399532778522826,0.09179361395954867,0.09944148001492349,0.1612110250853576,0.2173775786441432,0.07085450992806344,0.12419713831441886,0.12725481674361475,0.10974268747322913,0.10241228459000074,0.16269016202758602,0.16276187613101217,0.13791044491113294,0.1950369562505744,0.11999711826903223,0.04967510523617717,0.0,0.051216396937731425,0.101168416058181,0.12248420252994996,0.16201744937847137,0.20138291627986926,0.09483496121929078,0.06365956903626722,0.12964575741191237,0.18772336641256365,0.09702795168205634,0.1246642604523335,0.1376681826236013,0.13065936144010082,0.13621552630903422,0.1754135710763683,0.1802088003405038,0.1631549379974202,0.2456216096667445,0.17090329261887582,0.09992080130325992,0.051216396937731425,0.0,0.10025010127596869,0.08776208375557601,0.11757077225188535,0.153682957364024,0.11030159270245406,0.06143660129703629,0.12350916073022308,0.1799127117706228,0.1325697623248019,0.15204631281174855,0.17152951699446695,0.1708057490245955,0.1785489130106052,0.2082124623098319,0.21618816240009844,0.20385059415413384,0.23713696385883826,0.17017733216372735,0.11257686182241182,0.101168416058181,0.10025010127596869,0.0,0.0733885961198915,0.12356691025429521,0.1673677525955878,0.04145190609109743,0.13420058959383016,0.21361696535436744,0.2737125686743298,0.10505738277808957,0.2095102309438232,0.22187189958950182,0.20692198577526694,0.17741821760084056,0.255980885057209,0.2593454273802569,0.2336433124172596,0.2964018173812566,0.22499117771975666,0.15711754897362218,0.12248420252994996,0.08776208375557601,0.0733885961198915,0.0,0.05064864408477011,0.09482734996171853,0.10516109349588898,0.13016911161638414,0.1976462003466079,0.25251116580446265,0.1590370110771935,0.22509136594029552,0.24468326498690993,0.23876071662604312,0.22433290560816624,0.2790861950764233,0.2866359822640676,0.26870018315629945,0.3439534581172026,0.2717815644511436,0.20224466411472028,0.16201744937847137,0.11757077225188535,0.12356691025429521,0.05064864408477011,0.0,0.04424418698700483,0.15485518305685828,0.15700529632041435,0.21053310350052562,0.2585414205766645,0.2060192896338986,0.25513984338324613,0.27769886296872026,0.27618211412551824,0.26776813532163585,0.3110971286797685,0.32059972293814337,0.3066965891496245,0.3868166287198014,0.3142337283601992,0.24399532778522826,0.20138291627986926,0.153682957364024,0.1673677525955878,0.09482734996171853,0.04424418698700483,0.0,0.19888206219768528,0.19031070442025447,0.2325844646427055,0.2737916538636231,0.249041167071531,0.2880173625389596,0.3121615417202429,0.31345147482170305,0.3087545812250777,0.3446322691986751,0.35532757999954856,0.3441492565503208,0.20249030025588477,0.13968995014349736,0.09179361395954867,0.09483496121929078,0.11030159270245406,0.04145190609109743,0.10516109349588898,0.15485518305685828,0.19888206219768528,0.0,0.12580822239237852,0.20683889075107587,0.26799675441118664,0.06540672285345284,0.18557755631421433,0.19500159512218254,0.17653835465074771,0.13903710245233714,0.22676115507270592,0.22878134451574286,0.2003306023497735,0.22474184502200684,0.1571634780555548,0.09944148001492349,0.06365956903626722,0.06143660129703629,0.13420058959383016,0.13016911161638414,0.15700529632041435,0.19031070442025447,0.12580822239237852,0.0,0.08151669536202705,0.14267796637682487,0.11954159517434641,0.09848574468286325,0.12193498730814338,0.1262201105243222,0.14402315614564323,0.15550730051035286,0.16577716047045593,0.1578517241630535,0.2635708056607238,0.20489655402754195,0.1612110250853576,0.12964575741191237,0.12350916073022308,0.21361696535436744,0.1976462003466079,0.21053310350052562,0.2325844646427055,0.20683889075107587,0.08151669536202705,0.0,0.06122122573989447,0.19159995209412548,0.09586767096250033,0.12170898010344179,0.14428822376568512,0.19167826913285857,0.1459653992328584,0.16068068686157455,0.17174956005592382,0.3064605422310131,0.2542533435954703,0.2173775786441432,0.18772336641256365,0.1799127117706228,0.2737125686743298,0.25251116580446265,0.2585414205766645,0.2737916538636231,0.26799675441118664,0.14267796637682487,0.06122122573989447,0.0,0.25049409109803517,0.1347437481605985,0.15594291185011644,0.1846911732066383,0.24162762180522382,0.1699326717180028,0.18549191420713745,0.20681304678122633,0.14726591928068059,0.09174918552182654,0.07085450992806344,0.09702795168205634,0.1325697623248019,0.10505738277808957,0.1590370110771935,0.2060192896338986,0.249041167071531,0.06540672285345284,0.11954159517434641,0.19159995209412548,0.25049409109803517,0.0,0.14188568738655175,0.14491477562385563,0.121167772360368,0.07389847154650903,0.1722277354316016,0.1718217485647337,0.1399189257041974,0.17846674544411503,0.1356569632642221,0.12419713831441886,0.1246642604523335,0.15204631281174855,0.2095102309438232,0.22509136594029552,0.25513984338324613,0.2880173625389596,0.18557755631421433,0.09848574468286325,0.09586767096250033,0.1347437481605985,0.14188568738655175,0.0,0.028426599822852158,0.05179653013490861,0.11039624098897526,0.05799620889484943,0.06995321773760137,0.07603047242788787,0.15694463843713252,0.12326795779105403,0.12725481674361475,0.1376681826236013,0.17152951699446695,0.22187189958950182,0.24468326498690993,0.27769886296872026,0.3121615417202429,0.19500159512218254,0.12193498730814338,0.12170898010344179,0.15594291185011644,0.14491477562385563,0.028426599822852158,0.0,0.03244478355297874,0.10101892715116821,0.03829878629486297,0.04544935842594585,0.05171681379004677,0.12742532524341396,0.09493967842097566,0.10974268747322913,0.13065936144010082,0.1708057490245955,0.20692198577526694,0.23876071662604312,0.27618211412551824,0.31345147482170305,0.17653835465074771,0.1262201105243222,0.14428822376568512,0.1846911732066383,0.121167772360368,0.05179653013490861,0.03244478355297874,0.0,0.07105869262168331,0.05576234112366819,0.053779661577120025,0.03389137387467476,0.10306600246845728,0.07653109065823,0.10241228459000074,0.13621552630903422,0.1785489130106052,0.17741821760084056,0.22433290560816624,0.26776813532163585,0.3087545812250777,0.13903710245233714,0.14402315614564323,0.19167826913285857,0.24162762180522382,0.07389847154650903,0.11039624098897526,0.10101892715116821,0.07105869262168331,0.0,0.11642144308328639,0.11144099758517316,0.0749730775844706,0.16509245530280806,0.14796658611030378,0.16269016202758602,0.1754135710763683,0.2082124623098319,0.255980885057209,0.2790861950764233,0.3110971286797685,0.3446322691986751,0.22676115507270592,0.15550730051035286,0.1459653992328584,0.1699326717180028,0.1722277354316016,0.05799620889484943,0.03829878629486297,0.05576234112366819,0.11642144308328639,0.0,0.017511167673640738,0.04913542085066075,0.15104058053277977,0.14032093360182646,0.16276187613101217,0.1802088003405038,0.21618816240009844,0.2593454273802569,0.2866359822640676,0.32059972293814337,0.35532757999954856,0.22878134451574286,0.16577716047045593,0.16068068686157455,0.18549191420713745,0.1718217485647337,0.06995321773760137,0.04544935842594585,0.053779661577120025,0.11144099758517316,0.017511167673640738,0.0,0.038537431315748515,0.11850452488500796,0.10789346555677079,0.13791044491113294,0.1631549379974202,0.20385059415413384,0.2336433124172596,0.26870018315629945,0.3066965891496245,0.3441492565503208,0.2003306023497735,0.1578517241630535,0.17174956005592382,0.20681304678122633,0.1399189257041974,0.07603047242788787,0.05171681379004677,0.03389137387467476,0.0749730775844706,0.04913542085066075,0.038537431315748515,0.0,P
0.0,0.078273953248397,0.15458752156764646,0.20476349718600903,0.25474147794890084,0.24226782031476746,0.3018230049028809,0.34812650031356945,0.3912087226971129,0.20795943356146687,0.22780951463243548,0.2647777416829899,0.30687758431036877,0.15264119994313458,0.17948857911127508,0.1564602216913231,0.12909019365481136,0.10579301744873591,0.16403514980897116,0.14747983966646122,0.11619232861409738,0.078273953248397,0.0,0.07660312268646616,0.12719073206189827,0.17748690295983516,0.17162498964466455,0.22683636701942902,0.27254460055534957,0.31534078631509443,0.1408566455981078,0.15736538402056466,0.20450883148668197,0.2537037482165484,0.09204548354183531,0.13489961137824963,0.1206443393464138,0.09134967869035998,0.07362627529168832,0.14530482787984397,0.13523691877850427,0.10187093671104155,0.15458752156764646,0.07660312268646616,0.0,0.05187552427218594,0.10170936135314888,0.10873912987599792,0.15336513416325787,0.19771521804312073,0.2399877785196936,0.0874811562090719,0.09646232460887531,0.16005863658003092,0.2166699501001574,0.06762006481040067,0.12497477225480334,0.12675678454244424,0.10641202539786347,0.10167400890789029,0.16264908882410664,0.16110190352972456,0.13503903784015467,0.20476349718600903,0.12719073206189827,0.05187552427218594,0.0,0.0506991129484058,0.09403966548349021,0.11348203828634162,0.15284020767735118,0.19309754924105113,0.0885474777587468,0.061726202778676936,0.1316019065159901,0.19010106446740369,0.09546318453758827,0.1301586685686466,0.14213626360182396,0.13173835544747656,0.13880240481413716,0.1797795511810866,0.1834257042095601,0.16505337996675762,0.25474147794890084,0.17748690295983516,0.10170936135314888,0.0506991129484058,0.0,0.09338008646823201,0.07591500354666839,0.10653247281657877,0.14430222287609826,0.10467490145181343,0.06540253729591446,0.13061649383272717,0.18684487428703755,0.13145023701050926,0.15947452322806535,0.17732930184756251,0.17229305886857554,0.1811129373230879,0.21379174519535626,0.2205458961097581,0.20623030805681883,0.24226782031476746,0.17162498964466455,0.10873912987599792,0.09403966548349021,0.09338008646823201,0.0,0.07490932188313142,0.12356241433354263,0.16740197146064603,0.040912873154133,0.13373799878212506,0.21353616744716494,0.2733372466283543,0.10419135430844371,0.20953763371446502,0.2190210519021662,0.19981579569887323,0.17624377499075647,0.25420126780981783,0.25515316501605084,0.22712969444815076,0.3018230049028809,0.22683636701942902,0.15336513416325787,0.11348203828634162,0.07591500354666839,0.07490932188313142,0.0,0.049260326680408834,0.09359041341215595,0.10579543984982645,0.12915206327497647,0.1965725375523482,0.25082738821287276,0.1591547944083766,0.22485412197999902,0.24202356078634962,0.2321641166068975,0.22423175331510986,0.2772305633397107,0.2830049909938192,0.26338547573300425,0.34812650031356945,0.27254460055534957,0.19771521804312073,0.15284020767735118,0.10653247281657877,0.12356241433354263,0.049260326680408834,0.0,0.04439124379134535,0.15412550206858397,0.15602203665643966,0.2098215203454816,0.2572980474541777,0.20506057758909518,0.2546169830687742,0.27483894881769094,0.26930770200854315,0.26691970257544945,0.30890011966527287,0.31681998827154195,0.30122111313933847,0.3912087226971129,0.31534078631509443,0.2399877785196936,0.19309754924105113,0.14430222287609826,0.16740197146064603,0.09359041341215595,0.04439124379134535,0.0,0.19822161524003118,0.18994579924255706,0.23261166454455234,0.2732864957885929,0.24827069125105464,0.2880253262467111,0.30999005342007585,0.30729296058479333,0.30826089321443323,0.34297976197257846,0.35227818241467207,0.3394373250798403,0.20795943356146687,0.1408566455981078,0.0874811562090719,0.0885474777587468,0.10467490145181343,0.040912873154133,0.10579543984982645,0.15412550206858397,0.19822161524003118,0.0,0.12455194642552526,0.20576572424762732,0.26666207055117724,0.06485304118077626,0.1849614250339626,0.19131040535848265,0.1686642209266445,0.13798669380545145,0.22458501927128552,0.2239292595622018,0.19305786573717332,0.22780951463243548,0.15736538402056466,0.09646232460887531,0.061726202778676936,0.06540253729591446,0.13373799878212506,0.12915206327497647,0.15602203665643966,0.18994579924255706,0.12455194642552526,0.0,0.08168124945019732,0.1425465419560523,0.11858363098872808,0.09898208275566847,0.12029982321984047,0.12140809471469104,0.14392355089545034,0.1543189059635094,0.1634031486319467,0.154820537994228,0.2647777416829899,0.20450883148668197,0.16005863658003092,0.1316019065159901,0.13061649383272717,0.21353616744716494,0.1965725375523482,0.2098215203454816,0.23261166454455234,0.20576572424762732,0.08168124945019732,0.0,0.06095273327074796,0.19061396805382874,0.09575571262840636,0.1217087360050647,0.14313152792757036,0.19151358606149896,0.1446958008952614,0.1600257286064144,0.1719735584818745,0.30687758431036877,0.2537037482165484,0.2166699501001574,0.19010106446740369,0.18684487428703755,0.2733372466283543,0.25082738821287276,0.2572980474541777,0.2732864957885929,0.26666207055117724,0.1425465419560523,0.06095273327074796,0.0,0.24939295669075257,0.13466455640634234,0.15724748282035575,0.18571341238950034,0.24158800956393692,0.1693636543689756,0.1865713365027107,0.20916601227013143,0.15264119994313458,0.09204548354183531,0.06762006481040067,0.09546318453758827,0.13145023701050926,0.10419135430844371,0.1591547944083766,0.20506057758909518,0.24827069125105464,0.06485304118077626,0.11858363098872808,0.19061396805382874,0.24939295669075257,0.0,0.14143706406234532,0.14114288862390714,0.1133074743548939,0.07335076014463318,0.17049378730796777,0.16702136766859196,0.13246505638115488,0.17948857911127508,0.13489961137824963,0.12497477225480334,0.1301586685686466,0.15947452322806535,0.20953763371446502,0.22485412197999902,0.2546169830687742,0.2880253262467111,0.1849614250339626,0.09898208275566847,0.09575571262840636,0.13466455640634234,0.14143706406234532,0.0,0.027375284466063576,0.0521449627783605,0.11064522436677712,0.05635288183256345,0.0680848505168826,0.07661357998228448,0.1564602216913231,0.1206443393464138,0.12675678454244424,0.14213626360182396,0.17732930184756251,0.2190210519021662,0.24202356078634962,0.27483894881769094,0.30999005342007585,0.19131040535848265,0.12029982321984047,0.1217087360050647,0.15724748282035575,0.14114288862390714,0.027375284466063576,0.0,0.03402109989378089,0.09795253504408324,0.03786190867021392,0.0443120118542988,0.05243007871701767,0.12909019365481136,0.09134967869035998,0.10641202539786347,0.13173835544747656,0.17229305886857554,0.19981579569887323,0.2321641166068975,0.26930770200854315,0.30729296058479333,0.1686642209266445,0.12140809471469104,0.14313152792757036,0.18571341238950034,0.1133074743548939,0.0521449627783605,0.03402109989378089,0.0,0.06501906668804658,0.059799861023223565,0.056079593506194646,0.03496064306317788,0.10579301744873591,0.07362627529168832,0.10167400890789029,0.13880240481413716,0.1811129373230879,0.17624377499075647,0.22423175331510986,0.26691970257544945,0.30826089321443323,0.13798669380545145,0.14392355089545034,0.19151358606149896,0.24158800956393692,0.07335076014463318,0.11064522436677712,0.09795253504408324,0.06501906668804658,0.0,0.11587532757340593,0.10718858559062436,0.06746481798496676,0.16403514980897116,0.14530482787984397,0.16264908882410664,0.1797795511810866,0.21379174519535626,0.25420126780981783,0.2772305633397107,0.30890011966527287,0.34297976197257846,0.22458501927128552,0.1543189059635094,0.1446958008952614,0.1693636543689756,0.17049378730796777,0.05635288183256345,0.03786190867021392,0.059799861023223565,0.11587532757340593,0.0,0.018603277848811734,0.05405810270183242,0.14747983966646122,0.13523691877850427,0.16110190352972456,0.1834257042095601,0.2205458961097581,0.25515316501605084,0.2830049909938192,0.31681998827154195,0.35227818241467207,0.2239292595622018,0.1634031486319467,0.1600257286064144,0.1865713365027107,0.16702136766859196,0.0680848505168826,0.0443120118542988,0.056079593506194646,0.10718858559062436,0.018603277848811734,0.0,0.0411258931278663,0.11619232861409738,0.10187093671104155,0.13503903784015467,0.16505337996675762,0.20623030805681883,0.22712969444815076,0.26338547573300425,0.30122111313933847,0.3394373250798403,0.19305786573717332,0.154820537994228,0.1719735584818745,0.20916601227013143,0.13246505638115488,0.07661357998228448,0.05243007871701767,0.03496064306317788,0.06746481798496676,0.05405810270183242,0.0411258931278663,0.0,P
