0.0,0.06747851657906516,0.1371025362505832,0.1881425891504249,0.24066505881548034,0.2348767166947102,0.2368225034446296,0.24873472453278053,0.2720323106863128,0.21460714840399725,0.19434090530868114,0.15703077610128394,0.13977354019656948,0.16709917614639447,0.15551342485834982,0.1224619492191265,0.10528071744075584,0.11557865844775796,0.1319418954505484,0.1166082794782042,0.09318810760837255,0.06747851657906516,0.0,0.0703574226386087,0.12329383203642608,0.17882367486127737,0.19590527088036425,0.17707667902668806,0.18401383772902746,0.20772288769384648,0.18275435463259718,0.13146321016349632,0.0951952020820966,0.08269870678902919,0.14208088973108637,0.09739159991160036,0.06981495505849163,0.05388457740361433,0.10225617988189453,0.09434076170345328,0.08985277540767748,0.07078279533938896,0.1371025362505832,0.0703574226386087,0.0,0.06242947002634953,0.12217627955668361,0.16726477080321658,0.11616297237779975,0.11464765253468703,0.14117600118925416,0.16394681200625283,0.06567482672632784,0.03819728727085046,0.042989604360557716,0.13710009675433465,0.051444156029058746,0.05654375846708292,0.05361101441514071,0.11965411241292966,0.09172800662892311,0.1048330937526004,0.09777461633421447,0.1881425891504249,0.12329383203642608,0.06242947002634953,0.0,0.059805091602262245,0.20540230895735942,0.12194750353952473,0.08344188785311546,0.08798027470194994,0.20793732348075722,0.06653828566958259,0.05286147885225604,0.0820496684388479,0.18741129986450403,0.05699716806516153,0.07816391122582289,0.0988815281198939,0.17090745392824214,0.10088465495378804,0.11913518007653147,0.12802391627721516,0.24066505881548034,0.17882367486127737,0.12217627955668361,0.059805091602262245,0.0,0.25290430072302583,0.15547558822184948,0.09384879754779342,0.06065200028478067,0.2585597737992225,0.1099878503684211,0.10638967033787804,0.13652940064508978,0.24144781112254676,0.10460651758358494,0.12571117856223218,0.15293236967467586,0.2247666340400143,0.136183750802228,0.15426620090685508,0.17189878632134006,0.2348767166947102,0.19590527088036425,0.16726477080321658,0.20540230895735942,0.25290430072302583,0.0,0.1074105792245501,0.17581462399671893,0.2297241865109372,0.03430245373940314,0.14554585056046168,0.1713651044594441,0.15390032266625958,0.08541729445773781,0.18669740372721214,0.20574886341409443,0.1783671629381418,0.15063231137921834,0.23195584539730787,0.24760145903007472,0.2260167755555491,0.2368225034446296,0.17707667902668806,0.11616297237779975,0.12194750353952473,0.15547558822184948,0.1074105792245501,0.0,0.0694483806738464,0.12351378083583575,0.12268713714095332,0.06191526763928793,0.10617353573888741,0.10812170840787262,0.1340723575174563,0.12158198961151465,0.15468964070074712,0.1450217835953374,0.16446030056506267,0.17990497963410199,0.20194553594262404,0.19335912748490586,0.24873472453278053,0.18401383772902746,0.11464765253468703,0.08344188785311546,0.09384879754779342,0.17581462399671893,0.0694483806738464,0.0,0.054097804877003344,0.1871492356672731,0.0573189468677308,0.09406975224853684,0.1136179463602774,0.18523714669960217,0.10343699352540678,0.14066585262181086,0.14793838183061256,0.19366019311991495,0.16010255739171025,0.18406850315396298,0.186900793026641,0.2720323106863128,0.20772288769384648,0.14117600118925416,0.08798027470194994,0.06065200028478067,0.2297241865109372,0.12351378083583575,0.054097804877003344,0.0,0.23983972030871661,0.09874497813369405,0.11851829123867047,0.14496450366346003,0.2328562031437419,0.12114794212030701,0.15447094076436693,0.17280812394031625,0.23042727154157636,0.16680868517394884,0.1898307281134158,0.2013950121413178,0.21460714840399725,0.18275435463259718,0.16394681200625283,0.20793732348075722,0.2585597737992225,0.03430245373940314,0.12268713714095332,0.1871492356672731,0.23983972030871661,0.0,0.14903585175449097,0.16721135621703773,0.14505721191291499,0.05578977697857368,0.18046781761130937,0.1954007955164543,0.16476880789507217,0.12405965121798097,0.21896886226462578,0.23291667937778437,0.20868463307487883,0.19434090530868114,0.13146321016349632,0.06567482672632784,0.06653828566958259,0.1099878503684211,0.14554585056046168,0.06191526763928793,0.0573189468677308,0.09874497813369405,0.14903585175449097,0.0,0.04613851414129817,0.058267333140080965,0.13609365607816198,0.06095942969833837,0.09578780204204465,0.09439430063296965,0.1385019529761226,0.12059492006050439,0.14295836614478263,0.13883497759595148,0.15703077610128394,0.0951952020820966,0.03819728727085046,0.05286147885225604,0.10638967033787804,0.1713651044594441,0.10617353573888741,0.09406975224853684,0.11851829123867047,0.16721135621703773,0.04613851414129817,0.0,0.030158360710938904,0.13925723719088823,0.019178970554232254,0.04969271299929589,0.0551688275596968,0.11932537614545603,0.07669178303108579,0.09756012767507824,0.09487324999156004,0.13977354019656948,0.08269870678902919,0.042989604360557716,0.0820496684388479,0.13652940064508978,0.15390032266625958,0.10812170840787262,0.1136179463602774,0.14496450366346003,0.14505721191291499,0.058267333140080965,0.030158360710938904,0.0,0.1116390293756369,0.03828755545352249,0.05321965840877352,0.0377666644752727,0.08970869500989363,0.07988269349954198,0.09794120420852491,0.08549077290435897,0.16709917614639447,0.14208088973108637,0.13710009675433465,0.18741129986450403,0.24144781112254676,0.08541729445773781,0.1340723575174563,0.18523714669960217,0.2328562031437419,0.05578977697857368,0.13609365607816198,0.13925723719088823,0.1116390293756369,0.0,0.14868787832082905,0.1560979116026838,0.12240726483230539,0.06879125839270611,0.17575891224588358,0.1869207426020637,0.1601043092842208,0.15551342485834982,0.09739159991160036,0.051444156029058746,0.05699716806516153,0.10460651758358494,0.18669740372721214,0.12158198961151465,0.10343699352540678,0.12114794212030701,0.18046781761130937,0.06095942969833837,0.019178970554232254,0.03828755545352249,0.14868787832082905,0.0,0.03899297605608302,0.05339566247916753,0.12086533058270438,0.05991886909749203,0.0826879465524533,0.08365698585852134,0.1224619492191265,0.06981495505849163,0.05654375846708292,0.07816391122582289,0.12571117856223218,0.20574886341409443,0.15468964070074712,0.14066585262181086,0.15447094076436693,0.1954007955164543,0.09578780204204465,0.04969271299929589,0.05321965840877352,0.1560979116026838,0.03899297605608302,0.0,0.036153403674885065,0.11413393384324362,0.03560280947534005,0.04976056430230933,0.05005294961978777,0.10528071744075584,0.05388457740361433,0.05361101441514071,0.0988815281198939,0.15293236967467586,0.1783671629381418,0.1450217835953374,0.14793838183061256,0.17280812394031625,0.16476880789507217,0.09439430063296965,0.0551688275596968,0.0377666644752727,0.12240726483230539,0.05339566247916753,0.036153403674885065,0.0,0.08033571454959144,0.060826503100628614,0.07046303368169102,0.05170825280423252,0.11557865844775796,0.10225617988189453,0.11965411241292966,0.17090745392824214,0.2247666340400143,0.15063231137921834,0.16446030056506267,0.19366019311991495,0.23042727154157636,0.12405965121798097,0.1385019529761226,0.11932537614545603,0.08970869500989363,0.06879125839270611,0.12086533058270438,0.11413393384324362,0.08033571454959144,0.0,0.12503749736317882,0.1306557698933511,0.10086327274424953,0.1319418954505484,0.09434076170345328,0.09172800662892311,0.10088465495378804,0.136183750802228,0.23195584539730787,0.17990497963410199,0.16010255739171025,0.16680868517394884,0.21896886226462578,0.12059492006050439,0.07669178303108579,0.07988269349954198,0.17575891224588358,0.05991886909749203,0.03560280947534005,0.060826503100628614,0.12503749736317882,0.0,0.026168890105310053,0.041754724884945665,0.1166082794782042,0.08985277540767748,0.1048330937526004,0.11913518007653147,0.15426620090685508,0.24760145903007472,0.20194553594262404,0.18406850315396298,0.1898307281134158,0.23291667937778437,0.14295836614478263,0.09756012767507824,0.09794120420852491,0.1869207426020637,0.0826879465524533,0.04976056430230933,0.07046303368169102,0.1306557698933511,0.026168890105310053,0.0,0.03213916361928167,0.09318810760837255,0.07078279533938896,0.09777461633421447,0.12802391627721516,0.17189878632134006,0.2260167755555491,0.19335912748490586,0.186900793026641,0.2013950121413178,0.20868463307487883,0.13883497759595148,0.09487324999156004,0.08549077290435897,0.1601043092842208,0.08365698585852134,0.05005294961978777,0.05170825280423252,0.10086327274424953,0.041754724884945665,0.03213916361928167,0.0,Q
0.0,0.07642449588478849,0.14423889784363605,0.19385601200800986,0.243280942093596,0.2486553031322233,0.24632863687793058,0.2586886141889511,0.2776692179794555,0.23184228995409434,0.20884924526970555,0.1688379324310514,0.1531941315216467,0.18626660567318953,0.16934189736576688,0.13282569742202,0.11650565977349901,0.13007010343475148,0.13818584188214547,0.12032173553336241,0.10033942692962865,0.07642449588478849,0.0,0.07057904591786097,0.11888704467016899,0.1689465204955872,0.2204802041489171,0.1913859944483987,0.19218970011975495,0.20611769908958444,0.2106982729121966,0.14724568782946798,0.10483439623356242,0.09931055950767945,0.17072715396762508,0.10617277007636679,0.06914258336877703,0.06446634595658939,0.12142227408273884,0.08624538411273296,0.07684820812083162,0.06758668089496823,0.14423889784363605,0.07057904591786097,0.0,0.05372067145297985,0.11040323053832779,0.19190786701630383,0.13516304286849062,0.12421979964406682,0.13723718317371295,0.1893998481352737,0.08603922911748785,0.04760014382845271,0.06077799015419007,0.1596093899539233,0.052762431985610335,0.04264449406870638,0.055166322397003774,0.12846140650661647,0.07460572251709466,0.08791742333112958,0.08942357214727166,0.19385601200800986,0.11888704467016899,0.05372067145297985,0.0,0.05793287283342289,0.2155594258302269,0.13521696826371746,0.09851193355472845,0.0921166635492271,0.21770046778255178,0.08441356609044762,0.061397798961600115,0.08977531676698644,0.19452112962680806,0.0612385970959856,0.07277744473537152,0.09809365915723495,0.16981365111693333,0.0925732845675438,0.11135596904011566,0.12422685440974422,0.243280942093596,0.1689465204955872,0.11040323053832779,0.05793287283342289,0.0,0.26250411723022393,0.17068555062915897,0.11540370328709101,0.07808999496331179,0.2670813222706755,0.1257258179682572,0.11291354385993826,0.14236843660928122,0.24702725926231195,0.1089288661347548,0.12154046977056734,0.15152455528084416,0.222940941167013,0.1302763969343313,0.14730479877709224,0.1679160814504185,0.2486553031322233,0.2204802041489171,0.19190786701630383,0.2155594258302269,0.26250411723022393,0.0,0.10211253323257151,0.16777566174470415,0.22355578998583872,0.03018991432698698,0.13908674576291558,0.16765241772258857,0.1513340677981387,0.07771591634132644,0.17943070667638802,0.20338972697745433,0.17847408653758237,0.14375321815512498,0.22584524035628079,0.2447802830911844,0.22441820020311992,0.24632863687793058,0.1913859944483987,0.13516304286849062,0.13521696826371746,0.17068555062915897,0.10211253323257151,0.0,0.06605025442820267,0.12221166671577197,0.11493829249953644,0.05549390101450395,0.1020232680747885,0.10384083967263029,0.12287364104609948,0.11275485841895899,0.1501760040925816,0.14184690113855772,0.15205741561881195,0.17243195998804525,0.1976597312152512,0.18945254802942355,0.2586886141889511,0.19218970011975495,0.12421979964406682,0.09851193355472845,0.11540370328709101,0.16777566174470415,0.06605025442820267,0.0,0.05625149194837113,0.17787270195279792,0.05346751255042456,0.0917892804570829,0.11043803229047142,0.17474397884842086,0.0969828917328543,0.13783846082323348,0.1453919659347111,0.18222403931603898,0.15545852556287243,0.1825238427211776,0.18508988305228433,0.2776692179794555,0.20611769908958444,0.13723718317371295,0.0921166635492271,0.07808999496331179,0.22355578998583872,0.12221166671577197,0.05625149194837113,0.0,0.23227829405399097,0.09596715302792942,0.1136687270972957,0.13977055929641993,0.22362958953353612,0.11299999538135633,0.14762302233325228,0.16678270899601744,0.2184914145653872,0.1588489005609079,0.1843444526172121,0.19604364796627582,0.23184228995409434,0.2106982729121966,0.1893998481352737,0.21770046778255178,0.2670813222706755,0.03018991432698698,0.11493829249953644,0.17787270195279792,0.23227829405399097,0.0,0.14284756201319457,0.16454846244680943,0.14389582053807173,0.052420899559642235,0.17502086698993694,0.19545829619668625,0.16759213480972632,0.12167517578811385,0.2153676212364444,0.23273141016851936,0.20991587589632138,0.20884924526970555,0.14724568782946798,0.08603922911748785,0.08441356609044762,0.1257258179682572,0.13908674576291558,0.05549390101450395,0.05346751255042456,0.09596715302792942,0.14284756201319457,0.0,0.0485668900357007,0.05974768030097668,0.1294469689604923,0.05855703431044775,0.09771249823136934,0.09672253606536971,0.1307347286760559,0.11958230363412871,0.14532111844330792,0.1414063209872421,0.1688379324310514,0.10483439623356242,0.04760014382845271,0.061397798961600115,0.11291354385993826,0.16765241772258857,0.1020232680747885,0.0917892804570829,0.1136687270972957,0.16454846244680943,0.0485668900357007,0.0,0.029835806809220992,0.1362523818087828,0.015335137913902112,0.04916193938985494,0.05458344334004171,0.11212619813553247,0.07293300118497935,0.09738135936168334,0.0952926037421478,0.1531941315216467,0.09931055950767945,0.06077799015419007,0.08977531676698644,0.14236843660928122,0.1513340677981387,0.10384083967263029,0.11043803229047142,0.13977055929641993,0.14389582053807173,0.05974768030097668,0.029835806809220992,0.0,0.11004511400233478,0.03605861427134156,0.05388129235622645,0.03948225007757725,0.08246896052969625,0.07565778415560666,0.09733632935882044,0.08572522355767803,0.18626660567318953,0.17072715396762508,0.1596093899539233,0.19452112962680806,0.24702725926231195,0.07771591634132644,0.12287364104609948,0.17474397884842086,0.22362958953353612,0.052420899559642235,0.1294469689604923,0.1362523818087828,0.11004511400233478,0.0,0.14444884904524702,0.15754584477495961,0.12650047274622006,0.06983423302101077,0.1739951945298654,0.188609795658238,0.16330130265930404,0.16934189736576688,0.10617277007636679,0.052762431985610335,0.0612385970959856,0.1089288661347548,0.17943070667638802,0.11275485841895899,0.0969828917328543,0.11299999538135633,0.17502086698993694,0.05855703431044775,0.015335137913902112,0.03605861427134156,0.14444884904524702,0.0,0.042974951067709585,0.054767048396165946,0.11489796342462921,0.0613250312624594,0.08754731061624847,0.08824050530844024,0.13282569742202,0.06914258336877703,0.04264449406870638,0.07277744473537152,0.12154046977056734,0.20338972697745433,0.1501760040925816,0.13783846082323348,0.14762302233325228,0.19545829619668625,0.09771249823136934,0.04916193938985494,0.05388129235622645,0.15754584477495961,0.042974951067709585,0.0,0.03490138883283706,0.11188386562849717,0.0331383866345166,0.050484054316536596,0.052710637847172497,0.11650565977349901,0.06446634595658939,0.055166322397003774,0.09809365915723495,0.15152455528084416,0.17847408653758237,0.14184690113855772,0.1453919659347111,0.16678270899601744,0.16759213480972632,0.09672253606536971,0.05458344334004171,0.03948225007757725,0.12650047274622006,0.054767048396165946,0.03490138883283706,0.0,0.07891698295626176,0.0557416155282805,0.06783172060526528,0.051296881698918696,0.13007010343475148,0.12142227408273884,0.12846140650661647,0.16981365111693333,0.222940941167013,0.14375321815512498,0.15205741561881195,0.18222403931603898,0.2184914145653872,0.12167517578811385,0.1307347286760559,0.11212619813553247,0.08246896052969625,0.06983423302101077,0.11489796342462921,0.11188386562849717,0.07891698295626176,0.0,0.12064103625479619,0.12918615906713804,0.10048655239765092,0.13818584188214547,0.08624538411273296,0.07460572251709466,0.0925732845675438,0.1302763969343313,0.22584524035628079,0.17243195998804525,0.15545852556287243,0.1588489005609079,0.2153676212364444,0.11958230363412871,0.07293300118497935,0.07565778415560666,0.1739951945298654,0.0613250312624594,0.0331383866345166,0.0557416155282805,0.12064103625479619,0.0,0.028584707376102598,0.041719593779404464,0.12032173553336241,0.07684820812083162,0.08791742333112958,0.11135596904011566,0.14730479877709224,0.2447802830911844,0.1976597312152512,0.1825238427211776,0.1843444526172121,0.23273141016851936,0.14532111844330792,0.09738135936168334,0.09733632935882044,0.188609795658238,0.08754731061624847,0.050484054316536596,0.06783172060526528,0.12918615906713804,0.028584707376102598,0.0,0.03152021595750164,0.10033942692962865,0.06758668089496823,0.08942357214727166,0.12422685440974422,0.1679160814504185,0.22441820020311992,0.18945254802942355,0.18508988305228433,0.19604364796627582,0.20991587589632138,0.1414063209872421,0.0952926037421478,0.08572522355767803,0.16330130265930404,0.08824050530844024,0.052710637847172497,0.051296881698918696,0.10048655239765092,0.041719593779404464,0.03152021595750164,0.0,Q
0.0,0.08160234337231823,0.1474448751726139,0.1952379026951104,0.2445944719398549,0.2558919656861193,0.25389450022496557,0.26422589215786546,0.28092548390715083,0.24069626741316552,0.21383071521513367,0.17179590250969043,0.1546434807956625,0.195575769108076,0.17191430408358727,0.13343671267343352,0.11647080560166738,0.1377835823318862,0.13924374921627647,0.12021159306678808,0.10066705194739109,0.08160234337231823,0.0,0.0699847922143698,0.11622199358577978,0.165072468681467,0.23000158956463237,0.19977878443883074,0.1961984108833661,0.20594320727728294,0.22265529467413853,0.15259219678443295,0.10709427600281689,0.10111669576755142,0.1835462310358123,0.10844593242410883,0.06899850842530061,0.06666064779662924,0.13236675266527526,0.08604003369665071,0.07551511978470844,0.06928171512021522,0.1474448751726139,0.0699847922143698,0.0,0.05041265419709054,0.10587331268911074,0.1997269539147394,0.14413921475091843,0.1288508633127723,0.13733832297687645,0.1993451088627098,0.09291844436593184,0.05148666251726693,0.06357949442041755,0.16965554465840113,0.05678372119761869,0.0451778178850598,0.059875645114175646,0.13517801416906422,0.07480069128409264,0.0883650883049721,0.09166918290069198,0.1952379026951104,0.11622199358577978,0.05041265419709054,0.0,0.05712501325359724,0.21669523651073697,0.13943158965461488,0.10122973260496396,0.09281130475307141,0.2207323139689276,0.08734874722912238,0.06063899184050377,0.08741474749563087,0.19748268039488345,0.06276585760691897,0.07437308590340626,0.09892350831938648,0.17044580911423207,0.09321924263927593,0.11291188100257865,0.12535202216242902,0.2445944719398549,0.165072468681467,0.10587331268911074,0.05712501325359724,0.0,0.26099998266849767,0.17167023554301855,0.11465201512539708,0.0755292490513407,0.26762337116563806,0.12580726006781126,0.11047776456072922,0.13871862903059756,0.24791228577277305,0.10895563945807012,0.12244668487002443,0.15139470531569663,0.2224804509198788,0.13111178671080642,0.14917884835358886,0.1688318032815363,0.2558919656861193,0.23000158956463237,0.1997269539147394,0.21669523651073697,0.26099998266849767,0.0,0.10025690403954933,0.16727907947870582,0.22386049464688457,0.030624027186708154,0.13781494181057163,0.17061356786888435,0.15744709125336212,0.07678586343933747,0.18019582699591644,0.20692240923910157,0.1847843508890362,0.1428799034667405,0.22759780547468364,0.24859458323946632,0.22960379814896217,0.25389450022496557,0.19977878443883074,0.14413921475091843,0.13943158965461488,0.17167023554301855,0.10025690403954933,0.0,0.06754061509658721,0.1246858015585263,0.11516541546751807,0.0574366377695512,0.10765983177900164,0.11162081014044972,0.12361867719606667,0.11690954905647963,0.15681631675030958,0.15042995895509878,0.152684530057435,0.1770541700901148,0.2041849566241154,0.1966918107147466,0.26422589215786546,0.1961984108833661,0.1288508633127723,0.10122973260496396,0.11465201512539708,0.16727907947870582,0.06754061509658721,0.0,0.05727718567979137,0.17940774741014928,0.05505073101225752,0.09496980174333693,0.1145045694420714,0.17659365008419947,0.10035270407267927,0.14308072859806464,0.15163177531755118,0.1831562346591098,0.15919848021473693,0.18787665288588698,0.19074364346676523,0.28092548390715083,0.20594320727728294,0.13733832297687645,0.09281130475307141,0.0755292490513407,0.22386049464688457,0.1246858015585263,0.05727718567979137,0.0,0.23455168210580493,0.09756246152176885,0.11441427925395267,0.14077572117239578,0.22602431205143625,0.11519728491381379,0.1508728341719897,0.17041416235684176,0.21945584505192306,0.16131812952817765,0.18798060638339534,0.1996681858375126,0.24069626741316552,0.22265529467413853,0.1993451088627098,0.2207323139689276,0.26762337116563806,0.030624027186708154,0.11516541546751807,0.17940774741014928,0.23455168210580493,0.0,0.1433019776385353,0.16923006956417125,0.15164851242299485,0.05199104316173038,0.1773790211881497,0.2005728450327585,0.17543058192211375,0.12199788334013291,0.21878640369196728,0.23821249429457517,0.21678935587147016,0.21383071521513367,0.15259219678443295,0.09291844436593184,0.08734874722912238,0.12580726006781126,0.13781494181057163,0.0574366377695512,0.05505073101225752,0.09756246152176885,0.1433019776385353,0.0,0.051817243369809134,0.06330647082730821,0.12975683991508827,0.06057611995558007,0.10222549557683475,0.10236936958965558,0.12951855833913692,0.12189487913538379,0.14955294629010163,0.14596729274023051,0.17179590250969043,0.10709427600281689,0.05148666251726693,0.06063899184050377,0.11047776456072922,0.17061356786888435,0.10765983177900164,0.09496980174333693,0.11441427925395267,0.16923006956417125,0.051817243369809134,0.0,0.028932685577406643,0.14063688829119272,0.014199063926487636,0.050553875683714916,0.057624385778669865,0.11312675851388895,0.0720554667163313,0.09844473774005819,0.09718716443347403,0.1546434807956625,0.10111669576755142,0.06357949442041755,0.08741474749563087,0.13871862903059756,0.15744709125336212,0.11162081014044972,0.1145045694420714,0.14077572117239578,0.15164851242299485,0.06330647082730821,0.028932685577406643,0.0,0.11727073647791429,0.032460916630802014,0.05126494145821062,0.04058562288985926,0.08426532453144202,0.07140261186997583,0.09515515163209126,0.08511229791994794,0.195575769108076,0.1835462310358123,0.16965554465840113,0.19748268039488345,0.24791228577277305,0.07678586343933747,0.12361867719606667,0.17659365008419947,0.22602431205143625,0.05199104316173038,0.12975683991508827,0.14063688829119272,0.11727073647791429,0.0,0.14660224327187285,0.16255609113847153,0.13421518185137662,0.07071298371087788,0.17767653090663146,0.194416834748296,0.17064035553069348,0.17191430408358727,0.10844593242410883,0.05678372119761869,0.06276585760691897,0.10895563945807012,0.18019582699591644,0.11690954905647963,0.10035270407267927,0.11519728491381379,0.1773790211881497,0.06057611995558007,0.014199063926487636,0.032460916630802014,0.14660224327187285,0.0,0.04529209884116846,0.056705289384888447,0.11430396667821621,0.061599689735940745,0.0897422238285665,0.09042046851835361,0.13343671267343352,0.06899850842530061,0.0451778178850598,0.07437308590340626,0.12244668487002443,0.20692240923910157,0.15681631675030958,0.14308072859806464,0.1508728341719897,0.2005728450327585,0.10222549557683475,0.050553875683714916,0.05126494145821062,0.16255609113847153,0.04529209884116846,0.0,0.03355003293866381,0.11381954155787148,0.03164015870810104,0.05008733031488098,0.052298395331125395,0.11647080560166738,0.06666064779662924,0.059875645114175646,0.09892350831938648,0.15139470531569663,0.1847843508890362,0.15042995895509878,0.15163177531755118,0.17041416235684176,0.17543058192211375,0.10236936958965558,0.057624385778669865,0.04058562288985926,0.13421518185137662,0.056705289384888447,0.03355003293866381,0.0,0.08258701299804273,0.05293226635886107,0.06551968665607849,0.049739935919290025,0.1377835823318862,0.13236675266527526,0.13517801416906422,0.17044580911423207,0.2224804509198788,0.1428799034667405,0.152684530057435,0.1831562346591098,0.21945584505192306,0.12199788334013291,0.12951855833913692,0.11312675851388895,0.08426532453144202,0.07071298371087788,0.11430396667821621,0.11381954155787148,0.08258701299804273,0.0,0.12229567282927195,0.1331088057587673,0.10615127010453476,0.13924374921627647,0.08604003369665071,0.07480069128409264,0.09321924263927593,0.13111178671080642,0.22759780547468364,0.1770541700901148,0.15919848021473693,0.16131812952817765,0.21878640369196728,0.12189487913538379,0.0720554667163313,0.07140261186997583,0.17767653090663146,0.061599689735940745,0.03164015870810104,0.05293226635886107,0.12229567282927195,0.0,0.030409099235637976,0.042171502305286455,0.12021159306678808,0.07551511978470844,0.0883650883049721,0.11291188100257865,0.14917884835358886,0.24859458323946632,0.2041849566241154,0.18787665288588698,0.18798060638339534,0.23821249429457517,0.14955294629010163,0.09844473774005819,0.09515515163209126,0.194416834748296,0.0897422238285665,0.05008733031488098,0.06551968665607849,0.1331088057587673,0.030409099235637976,0.0,0.0305184628645329,0.10066705194739109,0.06928171512021522,0.09166918290069198,0.12535202216242902,0.1688318032815363,0.22960379814896217,0.1966918107147466,0.19074364346676523,0.1996681858375126,0.21678935587147016,0.14596729274023051,0.09718716443347403,0.08511229791994794,0.17064035553069348,0.09042046851835361,0.052298395331125395,0.049739935919290025,0.10615127010453476,0.042171502305286455,0.0305184628645329,0.0,Q
0.0,0.08199149314747686,0.14953686977668787,0.19768718174926264,0.24702960719280842,0.2590989881926815,0.25706814273753137,0.26784201802168905,0.2853699218836366,0.24367193227625264,0.21615453366912998,0.17468197383585982,0.1596292325938061,0.19913630911195926,0.17437634288638776,0.13532512686261203,0.11977143181230476,0.14168264757382446,0.13984222164457186,0.12015653550432796,0.10167297802317844,0.08199149314747686,0.0,0.0706148295768259,0.11757312325056221,0.16765374182558682,0.22639287012150947,0.19736364985579388,0.196133798548885,0.20846870282318838,0.21851286347379054,0.15018349264008857,0.10660536458310624,0.10210867528162938,0.1797882271091143,0.10683075304720732,0.06754327447406776,0.06396862951296228,0.12904369644004285,0.08432881486593566,0.07466798147110179,0.06687294577580374,0.14953686977668787,0.0706148295768259,0.0,0.052349808857579505,0.10957823860238852,0.1953181929111058,0.14009363025841157,0.12763281305267277,0.13933786696929584,0.19441590869161499,0.08867416458456666,0.04943030714581158,0.0628122952377118,0.16506675954011862,0.0525927305887714,0.04278440677248907,0.055672712048191374,0.1311308966781421,0.07340728270636765,0.08846669500310324,0.08993531648399991,0.19768718174926264,0.11757312325056221,0.052349808857579505,0.0,0.05866317798710439,0.2162106114184922,0.13802438066577954,0.10087485455280534,0.09445939315543765,0.21972150830299544,0.08564370587270843,0.0612375656254856,0.08892124257182485,0.1966209487288971,0.060039236462257534,0.07293348447990342,0.0971063136336832,0.16942203841956785,0.09147886242718793,0.11218561521813232,0.12387325039866401,0.24702960719280842,0.16765374182558682,0.10957823860238852,0.05866317798710439,0.0,0.26304588372658466,0.17280797431900483,0.11647346839950379,0.07909927483053031,0.26902020096053353,0.12698680968730003,0.11317387821257133,0.14179620408106802,0.24917596687928806,0.10887414615297349,0.12238734833895903,0.1509859483963435,0.22312303199969463,0.1301023630440582,0.1486572270470373,0.16790985738310696,0.2590989881926815,0.22639287012150947,0.1953181929111058,0.2162106114184922,0.26304588372658466,0.0,0.10122095258964876,0.16798381971057677,0.22385362485049493,0.03035354122315946,0.13823954395324112,0.1688889842836054,0.15441243640582603,0.07598599067458396,0.17993018708258288,0.20679271838668736,0.1845187952258711,0.14145083585908086,0.2284286818406479,0.24925014490406294,0.22985329166983565,0.25706814273753137,0.19736364985579388,0.14009363025841157,0.13802438066577954,0.17280797431900483,0.10122095258964876,0.0,0.06724517208207666,0.12354279899540838,0.11564569659711918,0.05750346672879613,0.10588544355247104,0.10887552084356997,0.12364415313537425,0.11591571082957272,0.1562865587515639,0.1494729541257104,0.15171847913978367,0.17743768208019975,0.20458794569043826,0.1964768610343571,0.26784201802168905,0.196133798548885,0.12763281305267277,0.10087485455280534,0.11647346839950379,0.16798381971057677,0.06724517208207666,0.0,0.05638286141349269,0.1796310035870384,0.05613596492178864,0.0952218729553892,0.11400877479748231,0.1767371768643717,0.10020435714549333,0.1434941934587881,0.15127600796559662,0.1827964069548507,0.16013924940779414,0.1890174182367749,0.19103006804248895,0.2853699218836366,0.20846870282318838,0.13933786696929584,0.09445939315543765,0.07909927483053031,0.22385362485049493,0.12354279899540838,0.05638286141349269,0.0,0.23416619147197223,0.09825027467530842,0.11643666818658634,0.14212018118304112,0.22597534277038445,0.11608330243361988,0.15261016810639508,0.1709894954165371,0.2196053048121865,0.16327773677243992,0.19041656223965292,0.20097537010385205,0.24367193227625264,0.21851286347379054,0.19441590869161499,0.21972150830299544,0.26902020096053353,0.03035354122315946,0.11564569659711918,0.1796310035870384,0.23416619147197223,0.0,0.14326510908408713,0.16705027251561624,0.14816166783140533,0.05121529913158722,0.17698634853043735,0.200276921212784,0.1751013896529985,0.12049044628401327,0.21945233431775474,0.2386918797397848,0.21695996225569375,0.21615453366912998,0.15018349264008857,0.08867416458456666,0.08564370587270843,0.12698680968730003,0.13823954395324112,0.05750346672879613,0.05613596492178864,0.09825027467530842,0.14326510908408713,0.0,0.0500189167311859,0.06120948621025766,0.12958789093286985,0.05933942003649331,0.10143273631269038,0.1008628493391685,0.12849342569615108,0.12198211360276197,0.14967628110077527,0.14529124726014064,0.17468197383585982,0.10660536458310624,0.04943030714581158,0.0612375656254856,0.11317387821257133,0.1688889842836054,0.10588544355247104,0.0952218729553892,0.11643666818658634,0.16705027251561624,0.0500189167311859,0.0,0.029188951267117128,0.13876887891089323,0.01353984535701081,0.05150569838666659,0.05659177642929804,0.11139323126410534,0.0733285701278509,0.10000841761926031,0.09736329977728289,0.1596292325938061,0.10210867528162938,0.0628122952377118,0.08892124257182485,0.14179620408106802,0.15441243640582603,0.10887552084356997,0.11400877479748231,0.14212018118304112,0.14816166783140533,0.06120948621025766,0.029188951267117128,0.0,0.11431029915152222,0.03437780603673659,0.0550448050802168,0.042772751505105,0.08220753824827459,0.07490475586772329,0.09891104854335668,0.08766867131006062,0.19913630911195926,0.1797882271091143,0.16506675954011862,0.1966209487288971,0.24917596687928806,0.07598599067458396,0.12364415313537425,0.1767371768643717,0.22597534277038445,0.05121529913158722,0.12958789093286985,0.13876887891089323,0.11431029915152222,0.0,0.14680451524813337,0.16291765043991144,0.13469570377644896,0.06997031358254131,0.17893556743056996,0.19554959917113593,0.17159103595444605,0.17437634288638776,0.10683075304720732,0.0525927305887714,0.060039236462257534,0.10887414615297349,0.17993018708258288,0.11591571082957272,0.10020435714549333,0.11608330243361988,0.17698634853043735,0.05933942003649331,0.01353984535701081,0.03437780603673659,0.14680451524813337,0.0,0.045514629174592244,0.05592727684211856,0.11468569172669825,0.06294450546641651,0.09108977351491841,0.09085122347257184,0.13532512686261203,0.06754327447406776,0.04278440677248907,0.07293348447990342,0.12238734833895903,0.20679271838668736,0.1562865587515639,0.1434941934587881,0.15261016810639508,0.200276921212784,0.10143273631269038,0.05150569838666659,0.0550448050802168,0.16291765043991144,0.045514629174592244,0.0,0.03293323183426535,0.11461581285097408,0.03206103251540429,0.050979000445404155,0.05232667121957837,0.11977143181230476,0.06396862951296228,0.055672712048191374,0.0971063136336832,0.1509859483963435,0.1845187952258711,0.1494729541257104,0.15127600796559662,0.1709894954165371,0.1751013896529985,0.1008628493391685,0.05659177642929804,0.042772751505105,0.13469570377644896,0.05592727684211856,0.03293323183426535,0.0,0.08374540418638918,0.0529042663545472,0.06613956928001072,0.05029864785979398,0.14168264757382446,0.12904369644004285,0.1311308966781421,0.16942203841956785,0.22312303199969463,0.14145083585908086,0.15171847913978367,0.1827964069548507,0.2196053048121865,0.12049044628401327,0.12849342569615108,0.11139323126410534,0.08220753824827459,0.06997031358254131,0.11468569172669825,0.11461581285097408,0.08374540418638918,0.0,0.12380491193792227,0.134734203599262,0.10783484054286387,0.13984222164457186,0.08432881486593566,0.07340728270636765,0.09147886242718793,0.1301023630440582,0.2284286818406479,0.17743768208019975,0.16013924940779414,0.16327773677243992,0.21945233431775474,0.12198211360276197,0.0733285701278509,0.07490475586772329,0.17893556743056996,0.06294450546641651,0.03206103251540429,0.0529042663545472,0.12380491193792227,0.0,0.03039742292339112,0.04153444388990865,0.12015653550432796,0.07466798147110179,0.08846669500310324,0.11218561521813232,0.1486572270470373,0.24925014490406294,0.20458794569043826,0.1890174182367749,0.19041656223965292,0.2386918797397848,0.14967628110077527,0.10000841761926031,0.09891104854335668,0.19554959917113593,0.09108977351491841,0.050979000445404155,0.06613956928001072,0.134734203599262,0.03039742292339112,0.0,0.03016635360581802,0.10167297802317844,0.06687294577580374,0.08993531648399991,0.12387325039866401,0.16790985738310696,0.22985329166983565,0.1964768610343571,0.19103006804248895,0.20097537010385205,0.21695996225569375,0.14529124726014064,0.09736329977728289,0.08766867131006062,0.17159103595444605,0.09085122347257184,0.05232667121957837,0.05029864785979398,0.10783484054286387,0.04153444388990865,0.03016635360581802,0.0,Q
