0.0,0.04423979626458414,0.08241350011186273,0.10084218657211684,0.12255583281347253,0.16254450071475876,0.2604178337184421,0.314243027907795,0.363426018385081,0.1673647786606511,0.28808704268921026,0.35362286877392524,0.4110032221304652,0.1502620160266412,0.16012595201018662,0.12591756427812695,0.10580642966138011,0.1286668725956958,0.12954852875671977,0.10574498131343013,0.08891646963691015,0.04423979626458414,0.0,0.04380208846339804,0.07212983086476787,0.10181308915204336,0.13786399401630073,0.23770119835148326,0.29282581216446774,0.3433395486859601,0.1499243358567768,0.27002415591875367,0.33579465291484706,0.39370691117511936,0.1386458435558304,0.142083710329037,0.10133636076433258,0.07597829718881217,0.12327095056306274,0.11804341625303214,0.09097969390957063,0.07071123041436865,0.08241350011186273,0.04380208846339804,0.0,0.04014585145050983,0.07709316948219103,0.09910054558156633,0.19796836351990302,0.25329667176237175,0.3042299035687151,0.11580476665919467,0.23265273586288843,0.2980192055507463,0.35595036218657183,0.11150775205174494,0.11194549196257204,0.07601730651054636,0.058323064680248025,0.10750600414422329,0.10206702338821506,0.08365881906568928,0.0727990265100092,0.10084218657211684,0.07212983086476787,0.04014585145050983,0.0,0.037696482246227174,0.08506601951742951,0.17677477535240904,0.22999131848020996,0.2802330558878396,0.09052536619077652,0.20751863197119863,0.27333112427406336,0.3319509488028785,0.07870790318761918,0.07308772144023268,0.03922701592088435,0.03999523901279585,0.07255836397753143,0.06512723326839522,0.057136051629245316,0.06115159597881708,0.12255583281347253,0.10181308915204336,0.07709316948219103,0.037696482246227174,0.0,0.09750771399128681,0.17385538731298755,0.22283639717196446,0.27124792145526627,0.08871252358261227,0.19864025036857216,0.26358496516228397,0.3222246580493989,0.06472758764778641,0.04664769000078967,0.015985036764742278,0.046438950813989036,0.04734500371385545,0.030951378200531374,0.04150377143258871,0.06280695639635142,0.16254450071475876,0.13786399401630073,0.09910054558156633,0.08506601951742951,0.09750771399128681,0.0,0.10069929040928005,0.1564944462022114,0.20714825428355157,0.03955575155485873,0.1366324931814912,0.20086649187357689,0.2580603660708294,0.0719345405568131,0.08441940404335498,0.10462229217613503,0.12168138526323588,0.10962586083770048,0.12052244626878697,0.1351925315221447,0.14584297738023083,0.2604178337184421,0.23770119835148326,0.19796836351990302,0.17677477535240904,0.17385538731298755,0.10069929040928005,0.0,0.05608820469417694,0.10699213977192276,0.09671956527710529,0.046152104518500645,0.10323665227005288,0.15970675453787622,0.1301778722561351,0.13697492442947568,0.18071034270010522,0.20739770157615164,0.17535573121562711,0.18837390519931393,0.21531925408992134,0.2332331446025555,0.314243027907795,0.29282581216446774,0.25329667176237175,0.22999131848020996,0.22283639717196446,0.1564944462022114,0.05608820469417694,0.0,0.05117913276890906,0.14788129091762928,0.03569163123909011,0.05064826747832582,0.10556847978328883,0.17666429589446317,0.18175797867461962,0.22968687910042815,0.2586930783310812,0.22026068803610077,0.2336957855672222,0.2639314549581509,0.28408672690755166,0.363426018385081,0.3433395486859601,0.3042299035687151,0.2802330558878396,0.27124792145526627,0.20714825428355157,0.10699213977192276,0.05117913276890906,0.0,0.19666483223724374,0.07654140657660036,0.021600457538993725,0.05618365964827088,0.22319102975234334,0.22846748491887253,0.2783248909658887,0.3083754488819022,0.26567508513558336,0.2798926413560734,0.3118791290689788,0.3331847467049962,0.1673647786606511,0.1499243358567768,0.11580476665919467,0.09052536619077652,0.08871252358261227,0.03955575155485873,0.09671956527710529,0.14788129091762928,0.19666483223724374,0.0,0.12132534397747591,0.1873306366071045,0.24550111418735598,0.04003140509678284,0.061218942802842,0.09990826272052246,0.1254609383215128,0.08546490739484516,0.10289642596005905,0.12780713532208723,0.14527937848300662,0.28808704268921026,0.27002415591875367,0.23265273586288843,0.20751863197119863,0.19864025036857216,0.1366324931814912,0.046152104518500645,0.03569163123909011,0.07654140657660036,0.12132534397747591,0.0,0.06611157447116063,0.12464828452892192,0.14734058624379898,0.1561912860977278,0.20720432388429078,0.23742380228793974,0.19083729446948372,0.2070623462816065,0.23911301535031732,0.2604066284856048,0.35362286877392524,0.33579465291484706,0.2980192055507463,0.27333112427406336,0.26358496516228397,0.20086649187357689,0.10323665227005288,0.05064826747832582,0.021600457538993725,0.1873306366071045,0.06611157447116063,0.0,0.058741321367188355,0.21234758488206348,0.2200566938107236,0.2716935286273467,0.3023888959881317,0.2546215144259417,0.27071031618884983,0.3038135649728462,0.3257550131373017,0.4110032221304652,0.39370691117511936,0.35595036218657183,0.3319509488028785,0.3222246580493989,0.2580603660708294,0.15970675453787622,0.10556847978328883,0.05618365964827088,0.24550111418735598,0.12464828452892192,0.058741321367188355,0.0,0.2703598221034744,0.27838029654490004,0.33028159655444855,0.36104155916921155,0.3122331471078773,0.32872919216940816,0.36231606920218734,0.3844651983419315,0.1502620160266412,0.1386458435558304,0.11150775205174494,0.07870790318761918,0.06472758764778641,0.0719345405568131,0.1301778722561351,0.17666429589446317,0.22319102975234334,0.04003140509678284,0.14734058624379898,0.21234758488206348,0.2703598221034744,0.0,0.03796245598756736,0.07917933732048321,0.10802766509202778,0.04694854455740386,0.06913901723497658,0.09956186137076597,0.12135705087720304,0.16012595201018662,0.142083710329037,0.11194549196257204,0.07308772144023268,0.04664769000078967,0.08441940404335498,0.13697492442947568,0.18175797867461962,0.22846748491887253,0.061218942802842,0.1561912860977278,0.2200566938107236,0.27838029654490004,0.03796245598756736,0.0,0.056703947430246385,0.09136901813851807,0.049264197097047505,0.052196635952750696,0.08430435205514197,0.10896822253053115,0.12591756427812695,0.10133636076433258,0.07601730651054636,0.03922701592088435,0.015985036764742278,0.10462229217613503,0.18071034270010522,0.22968687910042815,0.2783248909658887,0.09990826272052246,0.20720432388429078,0.2716935286273467,0.33028159655444855,0.07917933732048321,0.056703947430246385,0.0,0.03576706399708922,0.062188818031287445,0.03977236586495013,0.03897447840999939,0.057121118939981556,0.10580642966138011,0.07597829718881217,0.058323064680248025,0.03999523901279585,0.046438950813989036,0.12168138526323588,0.20739770157615164,0.2586930783310812,0.3083754488819022,0.1254609383215128,0.23742380228793974,0.3023888959881317,0.36104155916921155,0.10802766509202778,0.09136901813851807,0.03576706399708922,0.0,0.08779287649475867,0.06574164921344261,0.03808842020838098,0.033181922191421846,0.1286668725956958,0.12327095056306274,0.10750600414422329,0.07255836397753143,0.04734500371385545,0.10962586083770048,0.17535573121562711,0.22026068803610077,0.26567508513558336,0.08546490739484516,0.19083729446948372,0.2546215144259417,0.3122331471078773,0.04694854455740386,0.049264197097047505,0.062188818031287445,0.08779287649475867,0.0,0.03250771907963728,0.06474150767450204,0.08995991493450953,0.12954852875671977,0.11804341625303214,0.10206702338821506,0.06512723326839522,0.030951378200531374,0.12052244626878697,0.18837390519931393,0.2336957855672222,0.2798926413560734,0.10289642596005905,0.2070623462816065,0.27071031618884983,0.32872919216940816,0.06913901723497658,0.052196635952750696,0.03977236586495013,0.06574164921344261,0.03250771907963728,0.0,0.039748281309509546,0.06866920639950042,0.10574498131343013,0.09097969390957063,0.08365881906568928,0.057136051629245316,0.04150377143258871,0.1351925315221447,0.21531925408992134,0.2639314549581509,0.3118791290689788,0.12780713532208723,0.23911301535031732,0.3038135649728462,0.36231606920218734,0.09956186137076597,0.08430435205514197,0.03897447840999939,0.03808842020838098,0.06474150767450204,0.039748281309509546,0.0,0.0296019404708099,0.08891646963691015,0.07071123041436865,0.0727990265100092,0.06115159597881708,0.06280695639635142,0.14584297738023083,0.2332331446025555,0.28408672690755166,0.3331847467049962,0.14527937848300662,0.2604066284856048,0.3257550131373017,0.3844651983419315,0.12135705087720304,0.10896822253053115,0.057121118939981556,0.033181922191421846,0.08995991493450953,0.06866920639950042,0.0296019404708099,0.0,R
0.0,0.041103426057634805,0.0888239471389935,0.126982314441536,0.16456782105582807,0.19150395438582568,0.29610766611724015,0.3694661955906061,0.4323208269411653,0.19805729167949304,0.3096323637545494,0.3748012995395782,0.4351545061013634,0.17982021500036538,0.2022143913847657,0.14165693035173835,0.10113165198118759,0.15333765517047418,0.1477222356473889,0.10638020923703735,0.07985231236132723,0.041103426057634805,0.0,0.05353623237687688,0.10056619067321941,0.14529467059893764,0.16995369298140126,0.27491651613695106,0.34904048928877635,0.41267093402124216,0.18210658504419489,0.2923878201157979,0.3572919356570124,0.41779704100274856,0.16917185692467734,0.18787289472661714,0.12297466238850722,0.07752062669108675,0.14919586759690806,0.13939597986361282,0.097261636678874,0.07154241493820036,0.0888239471389935,0.05353623237687688,0.0,0.055364914506691176,0.10743230728648541,0.12282410836405162,0.22609313244251478,0.300246604677494,0.3641220737653666,0.1400200133882176,0.24659855048636078,0.3106504914631315,0.3708487255597476,0.13554767848215019,0.15073056605250745,0.0892980406024316,0.05248750809882143,0.13072476918641776,0.12205723881040666,0.09528054737142039,0.08794530834815856,0.126982314441536,0.10056619067321941,0.055364914506691176,0.0,0.05370668600445257,0.08562299170645758,0.1815505347364515,0.2535527192975798,0.31667337514802896,0.09297886698350134,0.19786448151783423,0.2622204497608315,0.3230872500772358,0.08631256095250757,0.09672115531378468,0.04110092008405204,0.041493125131036264,0.09155503154607932,0.08591365581834019,0.08533512820314944,0.10092336507807446,0.16456782105582807,0.14529467059893764,0.10743230728648541,0.05370668600445257,0.0,0.09107551932686637,0.1620477451728168,0.2271761052186066,0.2875209603328406,0.07477878835909213,0.168438408886693,0.23175049360661903,0.2927414354293749,0.052152322191676384,0.0490309984055559,0.0240123088091095,0.07156752311489034,0.06060748224915822,0.05867506075175954,0.09078312324765414,0.12212551417016186,0.19150395438582568,0.16995369298140126,0.12282410836405162,0.08562299170645758,0.09107551932686637,0.0,0.10639412262798378,0.18139069217829887,0.2451708939358632,0.04315578327063576,0.1291715456920232,0.19164682173268013,0.2506811300766948,0.08250942106935517,0.0927695331956467,0.10091803472323124,0.125807995643382,0.13171447382348891,0.14319734966236017,0.16407993888099578,0.18364213324691,0.29610766611724015,0.27491651613695106,0.22609313244251478,0.1815505347364515,0.1620477451728168,0.10639412262798378,0.0,0.07524347362888086,0.1391781350045829,0.10368574249457047,0.04323987008926251,0.09007892195113287,0.14687034548148675,0.14293224431122736,0.13421944859174284,0.1823459054328276,0.22032633873421342,0.20042890548676034,0.21480761383132324,0.25121722202035074,0.27820387301357735,0.3694661955906061,0.34904048928877635,0.300246604677494,0.2535527192975798,0.2271761052186066,0.18139069217829887,0.07524347362888086,0.0,0.06406286506910444,0.17310595573377588,0.066615870554295,0.03186920128951276,0.07497918934189739,0.2058519020252476,0.19232770468215127,0.24937429761537758,0.29077406261451455,0.2609336434008286,0.2759922852200518,0.31762790478541597,0.34740662027762864,0.4323208269411653,0.41267093402124216,0.3641220737653666,0.31667337514802896,0.2875209603328406,0.2451708939358632,0.1391781350045829,0.06406286506910444,0.0,0.23491013864059476,0.12438455326663996,0.06141996892852931,0.026879038238617342,0.2646954900095306,0.24988879106671172,0.31027929263264364,0.35307897566739116,0.3179561577948586,0.3335944005743953,0.37770272836925334,0.4088145014483038,0.19805729167949304,0.18210658504419489,0.1400200133882176,0.09297886698350134,0.07477878835909213,0.04315578327063576,0.10368574249457047,0.17310595573377588,0.23491013864059476,0.0,0.11159801183582241,0.17685438708045378,0.237517352091958,0.0468159885139684,0.05720228997024995,0.08969838874400178,0.12716760821758952,0.10432411001898562,0.12168311581169092,0.15492988103342092,0.18149927168917507,0.3096323637545494,0.2923878201157979,0.24659855048636078,0.19786448151783423,0.168438408886693,0.1291715456920232,0.04323987008926251,0.066615870554295,0.12438455326663996,0.11159801183582241,0.0,0.06533816815955382,0.12633705656447217,0.14117279739456987,0.13014775117285923,0.19012546283223894,0.23314323098099554,0.19668227323556725,0.21422246801483322,0.25722519310051895,0.2878687153846616,0.3748012995395782,0.3572919356570124,0.3106504914631315,0.2622204497608315,0.23175049360661903,0.19164682173268013,0.09007892195113287,0.03186920128951276,0.06141996892852931,0.17685438708045378,0.06533816815955382,0.0,0.06121540494602584,0.20511323653996194,0.19211827433586015,0.25410991463057836,0.29767856947571786,0.25879805632925845,0.27619216400940966,0.3209265046617668,0.3523549759949973,0.4351545061013634,0.41779704100274856,0.3708487255597476,0.3230872500772358,0.2927414354293749,0.2506811300766948,0.14687034548148675,0.07497918934189739,0.026879038238617342,0.237517352091958,0.12633705656447217,0.06121540494602584,0.0,0.26563948075145877,0.2525495472865472,0.31523437446620706,0.3588318028189152,0.3186538464295409,0.33637697963483076,0.38186847121779416,0.41353550216231466,0.17982021500036538,0.16917185692467734,0.13554767848215019,0.08631256095250757,0.052152322191676384,0.08250942106935517,0.14293224431122736,0.2058519020252476,0.2646954900095306,0.0468159885139684,0.14117279739456987,0.20511323653996194,0.26563948075145877,0.0,0.032563776458582265,0.06448172660446337,0.10735088897320878,0.05941249609748806,0.08111680262406767,0.12203868738408168,0.15339594989166028,0.2022143913847657,0.18787289472661714,0.15073056605250745,0.09672115531378468,0.0490309984055559,0.0927695331956467,0.13421944859174284,0.19232770468215127,0.24988879106671172,0.05720228997024995,0.13014775117285923,0.19211827433586015,0.2525495472865472,0.032563776458582265,0.0,0.0697398710558474,0.1180128614076817,0.07028556414251785,0.08419461944734478,0.13050486021688043,0.16486348309265675,0.14165693035173835,0.12297466238850722,0.0892980406024316,0.04110092008405204,0.0240123088091095,0.10091803472323124,0.1823459054328276,0.24937429761537758,0.31027929263264364,0.08969838874400178,0.19012546283223894,0.25410991463057836,0.31523437446620706,0.06448172660446337,0.0697398710558474,0.0,0.04873861823597758,0.05579822745651251,0.04822467892144775,0.06902351483886715,0.09870992375061913,0.10113165198118759,0.07752062669108675,0.05248750809882143,0.041493125131036264,0.07156752311489034,0.125807995643382,0.22032633873421342,0.29077406261451455,0.35307897566739116,0.12716760821758952,0.23314323098099554,0.29767856947571786,0.3588318028189152,0.10735088897320878,0.1180128614076817,0.04873861823597758,0.0,0.08694695867797235,0.0717353093453148,0.04823025663028075,0.05967513700983509,0.15333765517047418,0.14919586759690806,0.13072476918641776,0.09155503154607932,0.06060748224915822,0.13171447382348891,0.20042890548676034,0.2609336434008286,0.3179561577948586,0.10432411001898562,0.19668227323556725,0.25879805632925845,0.3186538464295409,0.05941249609748806,0.07028556414251785,0.05579822745651251,0.08694695867797235,0.0,0.03188009871833082,0.0773945783484338,0.11265256870311502,0.1477222356473889,0.13939597986361282,0.12205723881040666,0.08591365581834019,0.05867506075175954,0.14319734966236017,0.21480761383132324,0.2759922852200518,0.3335944005743953,0.12168311581169092,0.21422246801483322,0.27619216400940966,0.33637697963483076,0.08111680262406767,0.08419461944734478,0.04822467892144775,0.0717353093453148,0.03188009871833082,0.0,0.054134664076457915,0.09241515956913346,0.10638020923703735,0.097261636678874,0.09528054737142039,0.08533512820314944,0.09078312324765414,0.16407993888099578,0.25121722202035074,0.31762790478541597,0.37770272836925334,0.15492988103342092,0.25722519310051895,0.3209265046617668,0.38186847121779416,0.12203868738408168,0.13050486021688043,0.06902351483886715,0.04823025663028075,0.0773945783484338,0.054134664076457915,0.0,0.03865013149926946,0.07985231236132723,0.07154241493820036,0.08794530834815856,0.10092336507807446,0.12212551417016186,0.18364213324691,0.27820387301357735,0.34740662027762864,0.4088145014483038,0.18149927168917507,0.2878687153846616,0.3523549759949973,0.41353550216231466,0.15339594989166028,0.16486348309265675,0.09870992375061913,0.05967513700983509,0.11265256870311502,0.09241515956913346,0.03865013149926946,0.0,R
0.0,0.048361529457349416,0.11587567189034362,0.17236347611088984,0.1997634966897105,0.22788924396620236,0.3427965937471716,0.4158167526320352,0.4802377351397486,0.2341171489489019,0.36688264732513975,0.4471813447784991,0.520663213271941,0.21236883413719204,0.25823486141407803,0.19748604012089044,0.15573989616851242,0.1759743683105471,0.17162001281603537,0.12150792731757212,0.09226253932652484,0.048361529457349416,0.0,0.07700482760442408,0.14583042996574888,0.18283884892276925,0.20391970368063506,0.3197648549461439,0.39386485678694655,0.4593734020399154,0.2173215080746812,0.3481095138205303,0.42784904503909194,0.5015501602189936,0.20293799216396508,0.24348890580136273,0.1771218514125094,0.13021569402346647,0.17650271507324578,0.16285759484189163,0.106055047480612,0.07078899339290963,0.11587567189034362,0.07700482760442408,0.0,0.07927584770082954,0.12957631317097726,0.1340835418794703,0.2485769991367681,0.3230631940036495,0.3890950050920427,0.15585707222206152,0.28079030612547545,0.3591457124609357,0.43241603308148335,0.155153269563113,0.18792499161906115,0.12265489403095522,0.07861466047329184,0.15339207488523735,0.1351958276180499,0.09858709847878558,0.09416312636968208,0.17236347611088984,0.14583042996574888,0.07927584770082954,0.0,0.057640845002777524,0.06860039180553237,0.17642664385958248,0.2493388792474962,0.314596941951047,0.08066636769223369,0.20453578077169093,0.28350159621097254,0.35722831098404173,0.08593345303037604,0.11052446876968526,0.053930951178509615,0.043599347732847155,0.11067531171156436,0.09561929460438637,0.10575400154992497,0.1362788179224419,0.1997634966897105,0.18283884892276925,0.12957631317097726,0.057640845002777524,0.0,0.08508198979220813,0.16304663438456105,0.2288223293111679,0.2905409740807127,0.061580680102585536,0.17867920475575233,0.2572203604612259,0.33063424889359744,0.0406364508151098,0.06095653770001735,0.020155664236351217,0.06220100888707923,0.07357221663215886,0.06483224658575455,0.11219571195171546,0.1580320788023992,0.22788924396620236,0.20391970368063506,0.1340835418794703,0.06860039180553237,0.08508198979220813,0.0,0.11741945069390619,0.19243475060898313,0.258361102946441,0.04758952263291203,0.15055596199958443,0.22822268181603708,0.3009109486488538,0.09143906990654192,0.10129444154775928,0.09213612550470997,0.11003231496718766,0.14795462890097813,0.146003661130682,0.1726483621707243,0.20415418177703676,0.3427965937471716,0.3197648549461439,0.2485769991367681,0.17642664385958248,0.16304663438456105,0.11741945069390619,0.0,0.07527157131320063,0.1414605021929773,0.11397415494147088,0.047759504144417916,0.11357948186988857,0.18500938477781942,0.15718511329865617,0.12630868715595533,0.17081007424373337,0.20876908959493448,0.22424446636618434,0.22577229292620185,0.2709362172758361,0.31022326841840014,0.4158167526320352,0.39386485678694655,0.3230631940036495,0.2493388792474962,0.2288223293111679,0.19243475060898313,0.07527157131320063,0.0,0.06628923526097094,0.18319317532840163,0.05591771306493301,0.04278605555363348,0.11065048242028169,0.2195011739731566,0.1809365945642144,0.23654340782205502,0.27845463247688995,0.28431994545491235,0.2876247594014939,0.3384738030709731,0.3804710038837838,0.4802377351397486,0.4593734020399154,0.3890950050920427,0.314596941951047,0.2905409740807127,0.258361102946441,0.1414605021929773,0.06628923526097094,0.0,0.2464871305900896,0.11426767922142109,0.03634228394323747,0.04570689655686692,0.27899967180813856,0.23835929259692534,0.29845637993990115,0.3421425874159558,0.3416272833417705,0.34652503018065084,0.40052982348663696,0.44407101822481243,0.2341171489489019,0.2173215080746812,0.15585707222206152,0.08066636769223369,0.061580680102585536,0.04758952263291203,0.11397415494147088,0.18319317532840163,0.2464871305900896,0.0,0.1327813694341066,0.21307939784752472,0.28657175295479714,0.051603249793736074,0.060599200266382845,0.07646777579443319,0.11102872136081161,0.1175805560344431,0.12371819817713536,0.16776890333032196,0.2082077699404545,0.36688264732513975,0.3481095138205303,0.28079030612547545,0.20453578077169093,0.17867920475575233,0.15055596199958443,0.047759504144417916,0.05591771306493301,0.11426767922142109,0.1327813694341066,0.0,0.08030382082088952,0.15394488895909453,0.16555139707330976,0.1289323056850092,0.1885865743076419,0.23238711089905115,0.23014116087237918,0.23648716677613218,0.2901951476446606,0.3339040855512608,0.4471813447784991,0.42784904503909194,0.3591457124609357,0.28350159621097254,0.2572203604612259,0.22822268181603708,0.11357948186988857,0.04278605555363348,0.03634228394323747,0.21307939784752472,0.08030382082088952,0.0,0.07387295364015267,0.2439902401966963,0.20417012988893282,0.26607498968357973,0.3105852123305435,0.3063650899512298,0.31271610169278596,0.36801481854445495,0.41232072658986874,0.520663213271941,0.5015501602189936,0.43241603308148335,0.35722831098404173,0.33063424889359744,0.3009109486488538,0.18500938477781942,0.11065048242028169,0.04570689655686692,0.28657175295479714,0.15394488895909453,0.07387295364015267,0.0,0.3164752830587433,0.27625614341976124,0.3393701280587441,0.384200078577815,0.3775871509037316,0.38480373996147227,0.4412192405214837,0.48590201879105055,0.21236883413719204,0.20293799216396508,0.155153269563113,0.08593345303037604,0.0406364508151098,0.09143906990654192,0.15718511329865617,0.2195011739731566,0.27899967180813856,0.051603249793736074,0.16555139707330976,0.2439902401966963,0.3164752830587433,0.0,0.05330992834828976,0.06055342026181762,0.0971182409354794,0.06834125567226108,0.08311548908571625,0.1386634064240014,0.18473019004166844,0.25823486141407803,0.24348890580136273,0.18792499161906115,0.11052446876968526,0.06095653770001735,0.10129444154775928,0.12630868715595533,0.1809365945642144,0.23835929259692534,0.060599200266382845,0.1289323056850092,0.20417012988893282,0.27625614341976124,0.05330992834828976,0.0,0.07214397160536548,0.12127250579034475,0.10636632860851664,0.10869435512262181,0.1683723498532742,0.21686920851999797,0.19748604012089044,0.1771218514125094,0.12265489403095522,0.053930951178509615,0.020155664236351217,0.09213612550470997,0.17081007424373337,0.23654340782205502,0.29845637993990115,0.07646777579443319,0.1885865743076419,0.26607498968357973,0.3393701280587441,0.06055342026181762,0.07214397160536548,0.0,0.04973642761244793,0.08188022013271373,0.061520778182589476,0.10209344048730604,0.14748023234770055,0.15573989616851242,0.13021569402346647,0.07861466047329184,0.043599347732847155,0.06220100888707923,0.11003231496718766,0.20876908959493448,0.27845463247688995,0.3421425874159558,0.11102872136081161,0.23238711089905115,0.3105852123305435,0.384200078577815,0.0971182409354794,0.12127250579034475,0.04973642761244793,0.0,0.09486594066069926,0.06633620646842445,0.06535637990397296,0.10202098880696535,0.1759743683105471,0.17650271507324578,0.15339207488523735,0.11067531171156436,0.07357221663215886,0.14795462890097813,0.22424446636618434,0.28431994545491235,0.3416272833417705,0.1175805560344431,0.23014116087237918,0.3063650899512298,0.3775871509037316,0.06834125567226108,0.10636632860851664,0.08188022013271373,0.09486594066069926,0.0,0.04333127067981156,0.09940483241511705,0.14711972014718322,0.17162001281603537,0.16285759484189163,0.1351958276180499,0.09561929460438637,0.06483224658575455,0.146003661130682,0.22577229292620185,0.2876247594014939,0.34652503018065084,0.12371819817713536,0.23648716677613218,0.31271610169278596,0.38480373996147227,0.08311548908571625,0.10869435512262181,0.061520778182589476,0.06633620646842445,0.04333127067981156,0.0,0.06905770783839653,0.12106701363876717,0.12150792731757212,0.106055047480612,0.09858709847878558,0.10575400154992497,0.11219571195171546,0.1726483621707243,0.2709362172758361,0.3384738030709731,0.40052982348663696,0.16776890333032196,0.2901951476446606,0.36801481854445495,0.4412192405214837,0.1386634064240014,0.1683723498532742,0.10209344048730604,0.06535637990397296,0.09940483241511705,0.06905770783839653,0.0,0.052361713554237375,0.09226253932652484,0.07078899339290963,0.09416312636968208,0.1362788179224419,0.1580320788023992,0.20415418177703676,0.31022326841840014,0.3804710038837838,0.44407101822481243,0.2082077699404545,0.3339040855512608,0.41232072658986874,0.48590201879105055,0.18473019004166844,0.21686920851999797,0.14748023234770055,0.10202098880696535,0.14711972014718322,0.12106701363876717,0.052361713554237375,0.0,R
0.0,0.05907930090104262,0.14661717656934997,0.2067283620589224,0.23671567084161887,0.26307034087116493,0.3810663444625174,0.4569697851097033,0.5221834235389445,0.2732751571525323,0.421544664614947,0.5169739981816514,0.609276093607812,0.25512049435863793,0.30546733066654136,0.23140136430955158,0.18109556301103583,0.2196215690110479,0.20602593441340472,0.14361567691536048,0.10645885300987275,0.05907930090104262,0.0,0.09751413689554157,0.17080385296442688,0.2112624378912173,0.22512029002880043,0.34503356829486326,0.42213160406360095,0.4881931443847296,0.24267786622242576,0.38907447661565864,0.4840913338653469,0.576553860945565,0.23242533450126154,0.27927671449858954,0.20234628848906738,0.14895083159635683,0.20766066637285563,0.18830824777255717,0.1231542474313618,0.08296702557887599,0.14661717656934997,0.09751413689554157,0.0,0.08574557360906672,0.13992687009954136,0.13200845530401414,0.25168449997816744,0.3292615231800696,0.395624494582671,0.15735677651117017,0.29843998855211146,0.39243411832461184,0.48444680632742765,0.16058386880175463,0.20224518351777224,0.13297511105690707,0.09063199257424621,0.16025055775584462,0.14342294824363744,0.1103659774683048,0.10912910675991451,0.2067283620589224,0.17080385296442688,0.08574557360906672,0.0,0.059488901176895266,0.06713129554232078,0.17667214570592693,0.2523799177261057,0.31802344564229923,0.07544126889989242,0.21878264573771292,0.31362674458774514,0.4061686965805251,0.07862887033380965,0.11720524208463047,0.061985864739266865,0.061576968596135435,0.09954894836593182,0.09380025074314507,0.11601571484047964,0.15015767038474503,0.23671567084161887,0.2112624378912173,0.13992687009954136,0.059488901176895266,0.0,0.09071586178383102,0.16263028919502842,0.23040412027337906,0.29268876897732626,0.0613470866837179,0.19309838352182593,0.28629151598260844,0.3780555694310355,0.02948250526139926,0.06899932716678174,0.03534384447841663,0.07787407066210188,0.05612337345434718,0.06574523475046652,0.12672156726015366,0.17480554794404055,0.26307034087116493,0.22512029002880043,0.13200845530401414,0.06713129554232078,0.09071586178383102,0.0,0.12222063840718637,0.20042190186420317,0.26680333100017367,0.048393618679728294,0.17005420011220995,0.2637177666163768,0.3551761244796381,0.09041136456452795,0.11287555435331623,0.10589186117986189,0.12670129175984698,0.1421366466460608,0.1490674384919206,0.1830173442194135,0.2155232176721879,0.3810663444625174,0.34503356829486326,0.25168449997816744,0.17667214570592693,0.16263028919502842,0.12222063840718637,0.0,0.07827626369521784,0.14469751390336605,0.11099441943013408,0.053403561041959445,0.14218270329821028,0.23329806494818978,0.1480579304402091,0.11940033405670379,0.17818602459316032,0.2232857139918218,0.21032348712791077,0.22423874042502592,0.2811946839782113,0.32300169919521887,0.4569697851097033,0.42213160406360095,0.3292615231800696,0.2523799177261057,0.23040412027337906,0.20042190186420317,0.07827626369521784,0.0,0.06647516630485507,0.1843823295960253,0.04022581503058642,0.0646042906708594,0.15529289566060242,0.21359127124681374,0.17366616649392694,0.244835648048645,0.2943537304985381,0.27229662710476354,0.2879755876541289,0.3509076665290878,0.3955339709677978,0.5221834235389445,0.4881931443847296,0.395624494582671,0.31802344564229923,0.29268876897732626,0.26680333100017367,0.14469751390336605,0.06647516630485507,0.0,0.24914398613625607,0.1010123021933072,0.012998205626461803,0.08896258571613865,0.27488690224170154,0.23171965561649988,0.30672039655874395,0.3579148725796053,0.33099390911984766,0.34774700975494366,0.41344051518472025,0.4594456518492203,0.2732751571525323,0.24267786622242576,0.15735677651117017,0.07544126889989242,0.0613470866837179,0.048393618679728294,0.11099441943013408,0.1843823295960253,0.24914398613625607,0.0,0.14840886320977992,0.24393157043409872,0.3361549304261077,0.049345250205502546,0.06995228813020057,0.08661994688862444,0.1247799793050616,0.11069218854301446,0.1269200264917209,0.17964075045484723,0.22143922857603293,0.421544664614947,0.38907447661565864,0.29843998855211146,0.21878264573771292,0.19309838352182593,0.17005420011220995,0.053403561041959445,0.04022581503058642,0.1010123021933072,0.14840886320977992,0.0,0.09554195432624764,0.18786595923275098,0.1748746969032458,0.13617219991525564,0.20965639100099773,0.26021530270953425,0.23325160466980427,0.2510263555416329,0.3158195564373117,0.3615994954920959,0.5169739981816514,0.4840913338653469,0.39243411832461184,0.31362674458774514,0.28629151598260844,0.2637177666163768,0.14218270329821028,0.0646042906708594,0.012998205626461803,0.24393157043409872,0.09554195432624764,0.0,0.09256497065561986,0.26791321105464105,0.22439114821705972,0.3008515261115204,0.3527656780718027,0.3231258637470816,0.3407528780212253,0.40768133714102817,0.4544264737186593,0.609276093607812,0.576553860945565,0.48444680632742765,0.4061686965805251,0.3780555694310355,0.3551761244796381,0.23329806494818978,0.15529289566060242,0.08896258571613865,0.3361549304261077,0.18786595923275098,0.09256497065561986,0.0,0.3591181243975913,0.31470911627051057,0.39232770497903174,0.44476445253192803,0.41271601230721183,0.4310384352923753,0.4991835538888862,0.5464343570309662,0.25512049435863793,0.23242533450126154,0.16058386880175463,0.07862887033380965,0.02948250526139926,0.09041136456452795,0.1480579304402091,0.21359127124681374,0.27488690224170154,0.049345250205502546,0.1748746969032458,0.26791321105464105,0.3591181243975913,0.0,0.0577924288187612,0.0634370989435778,0.10641488303229973,0.06385888886414853,0.08847335484665099,0.15301483547028852,0.20080110542538,0.30546733066654136,0.27927671449858954,0.20224518351777224,0.11720524208463047,0.06899932716678174,0.11287555435331623,0.11940033405670379,0.17366616649392694,0.23171965561649988,0.06995228813020057,0.13617219991525564,0.22439114821705972,0.31470911627051057,0.0577924288187612,0.0,0.08318306199802483,0.13859138327303916,0.10256182318378787,0.11658909805343512,0.18748476336214237,0.23814204413693388,0.23140136430955158,0.20234628848906738,0.13297511105690707,0.061985864739266865,0.03534384447841663,0.10589186117986189,0.17818602459316032,0.244835648048645,0.30672039655874395,0.08661994688862444,0.20965639100099773,0.3008515261115204,0.39232770497903174,0.0634370989435778,0.08318306199802483,0.0,0.056085611638636276,0.06839369228542774,0.05177155956904225,0.1068624991733168,0.15589495388577715,0.18109556301103583,0.14895083159635683,0.09063199257424621,0.061576968596135435,0.07787407066210188,0.12670129175984698,0.2232857139918218,0.2943537304985381,0.3579148725796053,0.1247799793050616,0.26021530270953425,0.3527656780718027,0.44476445253192803,0.10641488303229973,0.13859138327303916,0.056085611638636276,0.0,0.09035317363804347,0.05844312663420627,0.059238534856216545,0.1017042277128601,0.2196215690110479,0.20766066637285563,0.16025055775584462,0.09954894836593182,0.05612337345434718,0.1421366466460608,0.21032348712791077,0.27229662710476354,0.33099390911984766,0.11069218854301446,0.23325160466980427,0.3231258637470816,0.41271601230721183,0.06385888886414853,0.10256182318378787,0.06839369228542774,0.09035317363804347,0.0,0.0458152059642005,0.11358183736509506,0.1646394970545876,0.20602593441340472,0.18830824777255717,0.14342294824363744,0.09380025074314507,0.06574523475046652,0.1490674384919206,0.22423874042502592,0.2879755876541289,0.34774700975494366,0.1269200264917209,0.2510263555416329,0.3407528780212253,0.4310384352923753,0.08847335484665099,0.11658909805343512,0.05177155956904225,0.05844312663420627,0.0458152059642005,0.0,0.07810222330727584,0.13236782610347994,0.14361567691536048,0.1231542474313618,0.1103659774683048,0.11601571484047964,0.12672156726015366,0.1830173442194135,0.2811946839782113,0.3509076665290878,0.41344051518472025,0.17964075045484723,0.3158195564373117,0.40768133714102817,0.4991835538888862,0.15301483547028852,0.18748476336214237,0.1068624991733168,0.059238534856216545,0.11358183736509506,0.07810222330727584,0.0,0.054689316933483674,0.10645885300987275,0.08296702557887599,0.10912910675991451,0.15015767038474503,0.17480554794404055,0.2155232176721879,0.32300169919521887,0.3955339709677978,0.4594456518492203,0.22143922857603293,0.3615994954920959,0.4544264737186593,0.5464343570309662,0.20080110542538,0.23814204413693388,0.15589495388577715,0.1017042277128601,0.1646394970545876,0.13236782610347994,0.054689316933483674,0.0,R
