0.0,0.09739634498105446,0.20808877299571255,0.29579740448896236,0.3169802452592547,0.28468622698250867,0.30430071742956966,0.22063675007660766,0.18838927412949139,0.28367507058796887,0.26977735883126197,0.17400392912005982,0.15622584324792743,0.26675025092184274,0.24737640319514106,0.15664581103982525,0.14578417527812101,0.24046261739571007,0.22390217373425655,0.1617899188507493,0.15394329445399205,0.09739634498105446,0.0,0.11532829253420498,0.20719169079542488,0.23263249254104115,0.2131439428972688,0.22315940641168372,0.13360406013952528,0.10289626798878769,0.22205767010158306,0.1926997062142991,0.09154071266801923,0.08350039659422931,0.21502588412061094,0.17920259571073816,0.08801704232201048,0.09201955561253714,0.2011804669760897,0.16987728131806654,0.11175585126625366,0.11689802976069193,0.20808877299571255,0.11532829253420498,0.0,0.09337615058880053,0.1229518858019639,0.12208513005040432,0.1167176955005103,0.031218100495119954,0.03607106763080449,0.14543764597183936,0.09653396182248333,0.048199157679620346,0.07117772015756656,0.15584247393027803,0.10392707618661991,0.0773785980473151,0.09919077341121128,0.16545032454088635,0.12307883752095926,0.10688465290089846,0.12555357768495615,0.29579740448896236,0.20719169079542488,0.09337615058880053,0.0,0.03622770547264013,0.07948740686244107,0.04235265444584384,0.07530401972992622,0.10850725246643118,0.11318474365223267,0.058444644043309485,0.12287421197724531,0.1430503439672051,0.14044950509119417,0.09406784641771976,0.14541846856922033,0.16376607588259987,0.17021431653963956,0.13441923200222253,0.16013258356337318,0.1786958690507699,0.3169802452592547,0.23263249254104115,0.1229518858019639,0.03622770547264013,0.0,0.07081712624371182,0.029376844309263905,0.09919196111581105,0.1304593565410936,0.09916331131437095,0.05552576307768345,0.14367736576695217,0.16114238751356635,0.12796031862568547,0.09008706171782835,0.16189125127908094,0.17810332918295096,0.16147604139336025,0.13152623319591833,0.17007692787365758,0.18749579446118614,0.28468622698250867,0.2131439428972688,0.12208513005040432,0.07948740686244107,0.07081712624371182,0.0,0.044131206092363894,0.09434347065199154,0.1182019481773364,0.03763252691531708,0.03707778084995756,0.12582705199804667,0.13488039515172176,0.07117436733953127,0.05768819169033074,0.13389076390610674,0.14114376119566732,0.110023623222936,0.08877377126073982,0.13260330565905737,0.1449609906429525,0.30430071742956966,0.22315940641168372,0.1167176955005103,0.04235265444584384,0.029376844309263905,0.044131206092363894,0.0,0.09147666761065816,0.12244437777250314,0.07717832523759331,0.039800219619417064,0.1342202629847926,0.14958287854460547,0.10913890873303812,0.07733589154952197,0.15013104692329363,0.16354617245432934,0.1454080805108388,0.11735453999641653,0.15640941160932084,0.1723550700616526,0.22063675007660766,0.13360406013952528,0.031218100495119954,0.07530401972992622,0.09919196111581105,0.09434347065199154,0.09147666761065816,0.0,0.03364655119080647,0.11621490049545133,0.0665155766506581,0.0478882035258404,0.06931166314120148,0.12713003156877548,0.07344559683885303,0.07293311991259474,0.09371198422725224,0.1396657017335435,0.09703393200806724,0.09506103225849682,0.11458503185855269,0.18838927412949139,0.10289626798878769,0.03607106763080449,0.10850725246643118,0.1304593565410936,0.1182019481773364,0.12244437777250314,0.03364655119080647,0.0,0.1327923764089546,0.09194287385807776,0.015450228058633528,0.03904848220471738,0.13505197701998944,0.08531386433633036,0.04389439778716004,0.0674733732808992,0.1369891513501867,0.09482726503631633,0.07241725802043733,0.09190544101109502,0.28367507058796887,0.22205767010158306,0.14543764597183936,0.11318474365223267,0.09916331131437095,0.03763252691531708,0.07717832523759331,0.11621490049545133,0.1327923764089546,0.0,0.06039287231528353,0.13712010220168797,0.14042020324507715,0.03699446105199589,0.056532937357327825,0.13737940973327262,0.13950356593605,0.08012139744007196,0.0725051014581375,0.1266149319201417,0.13510621104441545,0.26977735883126197,0.1926997062142991,0.09653396182248333,0.058444644043309485,0.05552576307768345,0.03707778084995756,0.039800219619417064,0.0665155766506581,0.09194287385807776,0.06039287231528353,0.0,0.10182398721997622,0.11454587871445125,0.08270615995685793,0.03879797078983574,0.11403640778846037,0.1267289231902049,0.11215628318963237,0.07930973122980724,0.11772613885395569,0.13385538074380138,0.17400392912005982,0.09154071266801923,0.048199157679620346,0.12287421197724531,0.14367736576695217,0.12582705199804667,0.1342202629847926,0.0478882035258404,0.015450228058633528,0.13712010220168797,0.10182398721997622,0.0,0.024026823954741067,0.13580977763752913,0.09044224113175661,0.029693343303561152,0.053450358128607975,0.13344207026227461,0.09307936517390054,0.06092608916835322,0.0795454636760533,0.15622584324792743,0.08350039659422931,0.07117772015756656,0.1430503439672051,0.16114238751356635,0.13488039515172176,0.14958287854460547,0.06931166314120148,0.03904848220471738,0.14042020324507715,0.11454587871445125,0.024026823954741067,0.0,0.1333501198159321,0.09627654209617977,0.00792090905280075,0.03036954551942197,0.12423857221947708,0.08819263864810853,0.04171841060641254,0.05814268043083315,0.26675025092184274,0.21502588412061094,0.15584247393027803,0.14044950509119417,0.12796031862568547,0.07117436733953127,0.10913890873303812,0.12713003156877548,0.13505197701998944,0.03699446105199589,0.08270615995685793,0.13580977763752913,0.1333501198159321,0.0,0.05931726501113195,0.12849395931858962,0.12598172271251543,0.044145134669539066,0.05172731478043648,0.10939815582501661,0.11399287574666601,0.24737640319514106,0.17920259571073816,0.10392707618661991,0.09406784641771976,0.09008706171782835,0.05768819169033074,0.07733589154952197,0.07344559683885303,0.08531386433633036,0.056532937357327825,0.03879797078983574,0.09044224113175661,0.09627654209617977,0.05931726501113195,0.0,0.09329085411194286,0.10225560846042449,0.07753723616355115,0.041592129082705834,0.08808766977974507,0.10272607386618338,0.15664581103982525,0.08801704232201048,0.0773785980473151,0.14541846856922033,0.16189125127908094,0.13389076390610674,0.15013104692329363,0.07293311991259474,0.04389439778716004,0.13737940973327262,0.11403640778846037,0.029693343303561152,0.00792090905280075,0.12849395931858962,0.09329085411194286,0.0,0.02513107860420551,0.11757297528518972,0.08238507399619244,0.03401424446720897,0.05099099644666732,0.14578417527812101,0.09201955561253714,0.09919077341121128,0.16376607588259987,0.17810332918295096,0.14114376119566732,0.16354617245432934,0.09371198422725224,0.0674733732808992,0.13950356593605,0.1267289231902049,0.053450358128607975,0.03036954551942197,0.12598172271251543,0.10225560846042449,0.02513107860420551,0.0,0.10969235629867626,0.08217851563597951,0.023370601857291676,0.031063082266509952,0.24046261739571007,0.2011804669760897,0.16545032454088635,0.17021431653963956,0.16147604139336025,0.110023623222936,0.1454080805108388,0.1396657017335435,0.1369891513501867,0.08012139744007196,0.11215628318963237,0.13344207026227461,0.12423857221947708,0.044145134669539066,0.07753723616355115,0.11757297528518972,0.10969235629867626,0.0,0.04380770445504985,0.08969297355109182,0.08858021424955807,0.22390217373425655,0.16987728131806654,0.12307883752095926,0.13441923200222253,0.13152623319591833,0.08877377126073982,0.11735453999641653,0.09703393200806724,0.09482726503631633,0.0725051014581375,0.07930973122980724,0.09307936517390054,0.08819263864810853,0.05172731478043648,0.041592129082705834,0.08238507399619244,0.08217851563597951,0.04380770445504985,0.0,0.06266952369733637,0.07145908670527305,0.1617899188507493,0.11175585126625366,0.10688465290089846,0.16013258356337318,0.17007692787365758,0.13260330565905737,0.15640941160932084,0.09506103225849682,0.07241725802043733,0.1266149319201417,0.11772613885395569,0.06092608916835322,0.04171841060641254,0.10939815582501661,0.08808766977974507,0.03401424446720897,0.023370601857291676,0.08969297355109182,0.06266952369733637,0.0,0.020742176688027365,0.15394329445399205,0.11689802976069193,0.12555357768495615,0.1786958690507699,0.18749579446118614,0.1449609906429525,0.1723550700616526,0.11458503185855269,0.09190544101109502,0.13510621104441545,0.13385538074380138,0.0795454636760533,0.05814268043083315,0.11399287574666601,0.10272607386618338,0.05099099644666732,0.031063082266509952,0.08858021424955807,0.07145908670527305,0.020742176688027365,0.0,T
0.0,0.067101417610883,0.15236009341507292,0.23831353182323198,0.3028956398632813,0.24233768208053602,0.3124156570552763,0.2710045839333006,0.22400655353045662,0.25585417523042586,0.250481885383943,0.15284346558985817,0.14134542559603944,0.2484278512823879,0.22551883868428022,0.13444331591450034,0.1287380311660006,0.2311223432174714,0.20054286907296573,0.13811247665755347,0.13419344409400252,0.067101417610883,0.0,0.096805824639529,0.19194202277798506,0.26228269534737003,0.2034708180328501,0.26771126455598054,0.22309067669474367,0.17419512129562914,0.22606157440427174,0.21111910492992217,0.11034813190851563,0.10583534115433177,0.22735914954008607,0.19465852961525693,0.10670942005796993,0.11113218605044209,0.21976078630327783,0.18126248850829385,0.12242417313240614,0.12516168735392522,0.15236009341507292,0.096805824639529,0.0,0.0978332328013239,0.17052265717668402,0.1158118350566142,0.17291155845157274,0.12739272303096763,0.07850137778899192,0.14658111089450424,0.12222206515830372,0.03737161011421549,0.05057433183326784,0.15911430254663037,0.11887138683352615,0.06700758536783444,0.08404398348530333,0.16698374850876216,0.12568543799233975,0.09474066028202933,0.10464762722501864,0.23831353182323198,0.19194202277798506,0.0978332328013239,0.0,0.07332390463085202,0.04298611711150932,0.07650684444347502,0.033057515673315906,0.022111588020446136,0.07505507935735903,0.03403897243179153,0.08547022065063058,0.09912459046673743,0.10185370715549354,0.06342778093784951,0.11057437182246858,0.12478682370456921,0.1300753431749472,0.10196941181467016,0.1256796926183477,0.13591458088988576,0.3028956398632813,0.26228269534737003,0.17052265717668402,0.07332390463085202,0.0,0.07092996582727584,0.028715444001430265,0.05267213544618319,0.09478678993090947,0.06878371270795826,0.05252960040570457,0.15261917887916815,0.16244352944495144,0.09640745214716946,0.08654676069725933,0.16951437275049708,0.1793425537519574,0.13423421146824943,0.1283460311359585,0.17612672136517007,0.18407763109683148,0.24233768208053602,0.2034708180328501,0.1158118350566142,0.04298611711150932,0.07092996582727584,0.0,0.07634930848866286,0.054891829141166935,0.057905607225201924,0.04350664158038237,0.031563492358365614,0.0958054327236177,0.10184741660793875,0.07767615396206203,0.06120436769103355,0.11440523074542344,0.12060585311890312,0.11278365659362652,0.09709477562248821,0.12719143993705748,0.13303829952324372,0.3124156570552763,0.26771126455598054,0.17291155845157274,0.07650684444347502,0.028715444001430265,0.07634930848866286,0.0,0.04730902949029198,0.095479958138959,0.08655187542406018,0.06610336734685049,0.16029288802264394,0.17130169887968988,0.11954244757310871,0.10712352392856433,0.18181893234874516,0.19220286602264872,0.15890800187617335,0.15020197072906752,0.19227864036917408,0.20052180796840857,0.2710045839333006,0.22309067669474367,0.12739272303096763,0.033057515673315906,0.05267213544618319,0.054891829141166935,0.04730902949029198,0.0,0.0491423349994881,0.08257512556852607,0.04329188198464672,0.11822213580450767,0.1317841066738059,0.11439414005376308,0.08419573851445544,0.1434736571068919,0.156997936183832,0.14820809058340373,0.12670128878353257,0.15749324387625732,0.1674497972099126,0.22400655353045662,0.17419512129562914,0.07850137778899192,0.022111588020446136,0.09478678993090947,0.057905607225201924,0.095479958138959,0.0491423349994881,0.0,0.09316457504650798,0.0548591630263921,0.07242474944294107,0.08848427961605451,0.11759412285367998,0.07555571414822602,0.1019435380571131,0.11822655449395231,0.1417052614625671,0.10838848353291254,0.12069469418774312,0.13178932160802637,0.25585417523042586,0.22606157440427174,0.14658111089450424,0.07505507935735903,0.06878371270795826,0.04350664158038237,0.08655187542406018,0.08257512556852607,0.09316457504650798,0.0,0.04420127913108153,0.11843712376486339,0.1202897804425046,0.039084334238953966,0.05159732611214015,0.1255780559541952,0.1276776635989769,0.08047576664932837,0.08169897057742952,0.12886289113537464,0.13227866376692204,0.250481885383943,0.21111910492992217,0.12222206515830372,0.03403897243179153,0.05252960040570457,0.031563492358365614,0.06610336734685049,0.04329188198464672,0.0548591630263921,0.04420127913108153,0.0,0.10091464145253246,0.10996972210924533,0.07197088275567715,0.04443655854557397,0.11753036211776931,0.12761096231642197,0.1052728916932391,0.08725397294416345,0.1263351272851209,0.1344794723032796,0.15284346558985817,0.11034813190851563,0.03737161011421549,0.08547022065063058,0.15261917887916815,0.0958054327236177,0.16029288802264394,0.11822213580450767,0.07242474944294107,0.11843712376486339,0.10091464145253246,0.0,0.020054756228220623,0.12542645734025837,0.08812735800109685,0.03556781442377792,0.05356755429820402,0.13023190092873896,0.08968173657740627,0.06259608105972468,0.07246687311736545,0.14134542559603944,0.10583534115433177,0.05057433183326784,0.09912459046673743,0.16244352944495144,0.10184741660793875,0.17130169887968988,0.1317841066738059,0.08848427961605451,0.1202897804425046,0.10996972210924533,0.020054756228220623,0.0,0.12372599912455726,0.09311903585192247,0.0247644864211567,0.03574642584732303,0.12503114068002585,0.08755416378851762,0.052819228999656125,0.05916260757756327,0.2484278512823879,0.22735914954008607,0.15911430254663037,0.10185370715549354,0.09640745214716946,0.07767615396206203,0.11954244757310871,0.11439414005376308,0.11759412285367998,0.039084334238953966,0.07197088275567715,0.12542645734025837,0.12372599912455726,0.0,0.05093958971150359,0.12159809709610093,0.12069900324096577,0.04296988026816755,0.06008675065438626,0.11594352723358153,0.11722477755364157,0.22551883868428022,0.19465852961525693,0.11887138683352615,0.06342778093784951,0.08654676069725933,0.06120436769103355,0.10712352392856433,0.08419573851445544,0.07555571414822602,0.05159732611214015,0.04443655854557397,0.08812735800109685,0.09311903585192247,0.05093958971150359,0.0,0.09160673873150943,0.10048511868520747,0.06848767497452733,0.043589797510062735,0.09167733974050128,0.0994381742795236,0.13444331591450034,0.10670942005796993,0.06700758536783444,0.11057437182246858,0.16951437275049708,0.11440523074542344,0.18181893234874516,0.1434736571068919,0.1019435380571131,0.1255780559541952,0.11753036211776931,0.03556781442377792,0.0247644864211567,0.12159809709610093,0.09160673873150943,0.0,0.02426432389620861,0.11485064517569538,0.07566444369453368,0.029060095254689056,0.03779074710845105,0.1287380311660006,0.11113218605044209,0.08404398348530333,0.12478682370456921,0.1793425537519574,0.12060585311890312,0.19220286602264872,0.156997936183832,0.11822655449395231,0.1276776635989769,0.12761096231642197,0.05356755429820402,0.03574642584732303,0.12069900324096577,0.10048511868520747,0.02426432389620861,0.0,0.11108137260753133,0.07930739119985372,0.031841427921029376,0.02899288221693915,0.2311223432174714,0.21976078630327783,0.16698374850876216,0.1300753431749472,0.13423421146824943,0.11278365659362652,0.15890800187617335,0.14820809058340373,0.1417052614625671,0.08047576664932837,0.1052728916932391,0.13023190092873896,0.12503114068002585,0.04296988026816755,0.06848767497452733,0.11485064517569538,0.11108137260753133,0.0,0.045938115140478186,0.09936262381368481,0.09806134363285242,0.20054286907296573,0.18126248850829385,0.12568543799233975,0.10196941181467016,0.1283460311359585,0.09709477562248821,0.15020197072906752,0.12670128878353257,0.10838848353291254,0.08169897057742952,0.08725397294416345,0.08968173657740627,0.08755416378851762,0.06008675065438626,0.043589797510062735,0.07566444369453368,0.07930739119985372,0.045938115140478186,0.0,0.06275572657843204,0.06748052388323172,0.13811247665755347,0.12242417313240614,0.09474066028202933,0.1256796926183477,0.17612672136517007,0.12719143993705748,0.19227864036917408,0.15749324387625732,0.12069469418774312,0.12886289113537464,0.1263351272851209,0.06259608105972468,0.052819228999656125,0.11594352723358153,0.09167733974050128,0.029060095254689056,0.031841427921029376,0.09936262381368481,0.06275572657843204,0.0,0.015705075859768724,0.13419344409400252,0.12516168735392522,0.10464762722501864,0.13591458088988576,0.18407763109683148,0.13303829952324372,0.20052180796840857,0.1674497972099126,0.13178932160802637,0.13227866376692204,0.1344794723032796,0.07246687311736545,0.05916260757756327,0.11722477755364157,0.0994381742795236,0.03779074710845105,0.02899288221693915,0.09806134363285242,0.06748052388323172,0.015705075859768724,0.0,T
0.0,0.06821825756153241,0.15634228146913418,0.2396025439444099,0.30756974101646256,0.2509261370353692,0.31996053106265865,0.2791590097158251,0.22927815280027222,0.262581029557882,0.2561323180511276,0.1640032361768257,0.1485835712164914,0.2544409587382899,0.23047918118511887,0.14364814067174617,0.13690036564461092,0.23632320368781037,0.20450041874418265,0.14102151473164942,0.13576833607603597,0.06821825756153241,0.0,0.09792737749897915,0.18934962204914393,0.2624667631443581,0.20750159741993396,0.2706247100527087,0.22647871646148388,0.17483389172548477,0.2276652764215001,0.2119149502107886,0.11700186510070766,0.1072767085837338,0.22819927230851692,0.19451935087197605,0.10963356974862602,0.11120682828317717,0.22006089697739017,0.18012204787722805,0.12046270861704121,0.12173469010442849,0.15634228146913418,0.09792737749897915,0.0,0.09407548229628689,0.1692407887958022,0.11813604623500688,0.17428761970660106,0.1294914444362307,0.07871687202414707,0.1462602524932437,0.12125467193243665,0.03953440287939747,0.04748108004175917,0.1582681418841061,0.11702121132336984,0.06467613942646923,0.07825583913010029,0.1663297404079727,0.12344619156663107,0.09340367127784706,0.10246611965863077,0.2396025439444099,0.18934962204914393,0.09407548229628689,0.0,0.07554796711641314,0.04457885267089995,0.08174301454095732,0.04084157226223134,0.027086957515426145,0.07500136167311729,0.03382571438708109,0.0763067928278725,0.09231938290729025,0.10111822811389207,0.06152967554451401,0.10337526176999982,0.11597966939635378,0.12965208521519056,0.09991548861368985,0.12416105649569324,0.13444654095339564,0.30756974101646256,0.2624667631443581,0.1692407887958022,0.07554796711641314,0.0,0.06824028472677605,0.029900984407132198,0.05370179597278823,0.09728265967500631,0.06747567706558645,0.05145020623024401,0.14626502128040123,0.15922452800805378,0.09604879521513335,0.08677235709784474,0.1655322108129378,0.17451794983085062,0.13549629661635548,0.1293235385687958,0.17818266533526442,0.18666851966191947,0.2509261370353692,0.20750159741993396,0.11813604623500688,0.04457885267089995,0.06824028472677605,0.0,0.07739482880812333,0.06318171455152363,0.07043252210455724,0.042552948020179254,0.03589791115450525,0.09718279696056796,0.10620777465722148,0.0783387383548818,0.06511104391687599,0.11624017075982883,0.12081522536997447,0.11574708596199619,0.10084300132073835,0.13299890955575533,0.13865473282391086,0.31996053106265865,0.2706247100527087,0.17428761970660106,0.08174301454095732,0.029900984407132198,0.07739482880812333,0.0,0.04941926212246387,0.10059190193841766,0.08892076702350424,0.06840304746996935,0.15738458032190927,0.17183606021395723,0.12240948483367715,0.10991405318784184,0.1809576528742095,0.19067837797377374,0.16305310293238826,0.15373364790444957,0.19708194997741754,0.20588201568862669,0.2791590097158251,0.22647871646148388,0.1294914444362307,0.04084157226223134,0.05370179597278823,0.06318171455152363,0.04941926212246387,0.0,0.05272993219485017,0.08889196576244696,0.04687484821957947,0.11565763160403635,0.13265642528502927,0.11960128490957606,0.0869569807025504,0.1431187426835806,0.15636415258308595,0.1535646401979265,0.13029208328678737,0.16263307649197858,0.1734541112908948,0.22927815280027222,0.17483389172548477,0.07871687202414707,0.027086957515426145,0.09728265967500631,0.07043252210455724,0.10059190193841766,0.05272993219485017,0.0,0.1007708535516882,0.058447756953076704,0.06788118213673804,0.0870686953894082,0.12287056102351834,0.07637869957744478,0.09922013528181149,0.11559663897207509,0.14575746007496232,0.1092413240838289,0.12265291256119415,0.13482927891077806,0.262581029557882,0.2276652764215001,0.1462602524932437,0.07500136167311729,0.06747567706558645,0.042552948020179254,0.08892076702350424,0.08889196576244696,0.1007708535516882,0.0,0.04733231758036778,0.11653681849558012,0.12162291185004129,0.04030908244918473,0.05558372722414582,0.12526144122326432,0.1265873433536593,0.08355384559543544,0.08516619102988705,0.13314661739991718,0.13692580734707407,0.2561323180511276,0.2119149502107886,0.12125467193243665,0.03382571438708109,0.05145020623024401,0.03589791115450525,0.06840304746996935,0.04687484821957947,0.058447756953076704,0.04733231758036778,0.0,0.0954069670486429,0.10780204945380374,0.07375413621751657,0.04453621301492039,0.11439515744086894,0.12393120949923792,0.10749900215410907,0.08816601070627597,0.12883491486287055,0.13771151124411884,0.1640032361768257,0.11700186510070766,0.03953440287939747,0.0763067928278725,0.14626502128040123,0.09718279696056796,0.15738458032190927,0.11565763160403635,0.06788118213673804,0.11653681849558012,0.0954069670486429,0.0,0.02040567248100276,0.12253736015927592,0.08111733320958657,0.0347551418594495,0.052293618952695034,0.127605417471997,0.08394415556450972,0.0630124023398296,0.07407376347367779,0.1485835712164914,0.1072767085837338,0.04748108004175917,0.09231938290729025,0.15922452800805378,0.10620777465722148,0.17183606021395723,0.13265642528502927,0.0870686953894082,0.12162291185004129,0.10780204945380374,0.02040567248100276,0.0,0.12340739522622643,0.08847199843734543,0.02008277383883154,0.03323389096407701,0.12371978583717196,0.08210214424826527,0.049074547235775985,0.05741409082566522,0.2544409587382899,0.22819927230851692,0.1582681418841061,0.10111822811389207,0.09604879521513335,0.0783387383548818,0.12240948483367715,0.11960128490957606,0.12287056102351834,0.04030908244918473,0.07375413621751657,0.12253736015927592,0.12340739522622643,0.0,0.053752549848877895,0.12053892506633224,0.11929572991071045,0.04480730596527716,0.06270077892305284,0.11925308516869133,0.12132218092577855,0.23047918118511887,0.19451935087197605,0.11702121132336984,0.06152967554451401,0.08677235709784474,0.06511104391687599,0.10991405318784184,0.0869569807025504,0.07637869957744478,0.05558372722414582,0.04453621301492039,0.08111733320958657,0.08847199843734543,0.053752549848877895,0.0,0.0874513337232522,0.0960020482525448,0.07093370108013831,0.04442139334959523,0.09375193831967556,0.10263883702749729,0.14364814067174617,0.10963356974862602,0.06467613942646923,0.10337526176999982,0.1655322108129378,0.11624017075982883,0.1809576528742095,0.1431187426835806,0.09922013528181149,0.12526144122326432,0.11439515744086894,0.0347551418594495,0.02008277383883154,0.12053892506633224,0.0874513337232522,0.0,0.02292493597786672,0.11388479639235044,0.07159296676211513,0.029396300000615383,0.03991163373762062,0.13690036564461092,0.11120682828317717,0.07825583913010029,0.11597966939635378,0.17451794983085062,0.12081522536997447,0.19067837797377374,0.15636415258308595,0.11559663897207509,0.1265873433536593,0.12393120949923792,0.052293618952695034,0.03323389096407701,0.11929572991071045,0.0960020482525448,0.02292493597786672,0.0,0.11009756384127198,0.07476930553826006,0.028533974958766938,0.028015188332760982,0.23632320368781037,0.22006089697739017,0.1663297404079727,0.12965208521519056,0.13549629661635548,0.11574708596199619,0.16305310293238826,0.1535646401979265,0.14575746007496232,0.08355384559543544,0.10749900215410907,0.127605417471997,0.12371978583717196,0.04480730596527716,0.07093370108013831,0.11388479639235044,0.11009756384127198,0.0,0.047921751646408946,0.10178754387927948,0.10168914751776517,0.20450041874418265,0.18012204787722805,0.12344619156663107,0.09991548861368985,0.1293235385687958,0.10084300132073835,0.15373364790444957,0.13029208328678737,0.1092413240838289,0.08516619102988705,0.08816601070627597,0.08394415556450972,0.08210214424826527,0.06270077892305284,0.04442139334959523,0.07159296676211513,0.07476930553826006,0.047921751646408946,0.0,0.06375805279959194,0.07000549355569984,0.14102151473164942,0.12046270861704121,0.09340367127784706,0.12416105649569324,0.17818266533526442,0.13299890955575533,0.19708194997741754,0.16263307649197858,0.12265291256119415,0.13314661739991718,0.12883491486287055,0.0630124023398296,0.049074547235775985,0.11925308516869133,0.09375193831967556,0.029396300000615383,0.028533974958766938,0.10178754387927948,0.06375805279959194,0.0,0.01662836118385184,0.13576833607603597,0.12173469010442849,0.10246611965863077,0.13444654095339564,0.18666851966191947,0.13865473282391086,0.20588201568862669,0.1734541112908948,0.13482927891077806,0.13692580734707407,0.13771151124411884,0.07407376347367779,0.05741409082566522,0.12132218092577855,0.10263883702749729,0.03991163373762062,0.028015188332760982,0.10168914751776517,0.07000549355569984,0.01662836118385184,0.0,T
0.0,0.06831183499151701,0.15767699129393192,0.2418409236113763,0.3099420061171572,0.25326005156881765,0.32392660755524927,0.2807609006568625,0.22943208248078745,0.2648299624251464,0.26060246374314905,0.16758406114416363,0.15102790593914328,0.2570007258646519,0.23307259910352543,0.14592029631942097,0.1386692844577639,0.23981361092649142,0.20806368054217228,0.1444807609009576,0.13974075751349585,0.06831183499151701,0.0,0.09833078928391296,0.1900948577082472,0.2626872682734831,0.20780662971072228,0.27288119132718774,0.22644021417281204,0.17338518721795304,0.22765648909619862,0.2145712625132464,0.1186972150477876,0.10697472556741783,0.2283379064324052,0.19498046184651613,0.10999687381618589,0.11073531669492959,0.22098367148736298,0.18138043763457135,0.12186233583140245,0.12348511043038454,0.15767699129393192,0.09833078928391296,0.0,0.09429684357314072,0.16858532347115382,0.11748906685729515,0.17599898838270797,0.1289904080282351,0.07687629556959615,0.14531983267173396,0.12324468148179007,0.039568785591255734,0.04484734766924935,0.15750025686589628,0.11676300508896367,0.06467870254134171,0.07754138989430917,0.16625489336524357,0.1237698349234145,0.09392703394482503,0.10306229862629235,0.2418409236113763,0.1900948577082472,0.09429684357314072,0.0,0.0745391497191946,0.04274389574840302,0.08314352321195877,0.04077764245913336,0.029654330704810883,0.07348935180025308,0.03503046401087875,0.07533205344163722,0.09183748886679373,0.10017866520221454,0.06150951469668652,0.10400550857023305,0.1164838687743092,0.12934910603547128,0.09998006512076184,0.12447412448061564,0.13455120489415878,0.3099420061171572,0.2626872682734831,0.16858532347115382,0.0745391497191946,0.0,0.067098963939154,0.028356673813742815,0.05333589617031189,0.09879294558076716,0.06761071009787567,0.04951012795808454,0.14504021988002036,0.15923343091437767,0.09710449804875909,0.08794899438763881,0.1662519062726017,0.17553477378074586,0.1367303820296599,0.1301825979595809,0.17867734983443395,0.18693530467639977,0.25326005156881765,0.20780662971072228,0.11748906685729515,0.04274389574840302,0.067098963939154,0.0,0.07874234877476695,0.06275832352118517,0.07099091054622582,0.04261704076279156,0.03705739764105839,0.09647407317611661,0.10651751644488949,0.07861642895129173,0.065721348018203,0.11702981381930849,0.12195587171042968,0.11616258045062243,0.10110111370106559,0.1332633352111351,0.13884164584936431,0.32392660755524927,0.27288119132718774,0.17599898838270797,0.08314352321195877,0.028356673813742815,0.07874234877476695,0.0,0.051624359600772385,0.10424140412043828,0.08991914401907725,0.06840578369713216,0.1579378761723214,0.17335812735060646,0.12331520243377293,0.1114214046634639,0.18315155768196006,0.19316244441918254,0.1638840096498539,0.15481394203242832,0.19867720212827816,0.20732352414571867,0.2807609006568625,0.22644021417281204,0.1289904080282351,0.04077764245913336,0.05333589617031189,0.06275832352118517,0.051624359600772385,0.0,0.05412771412241704,0.08885558694754822,0.04677013359363676,0.11385803340278526,0.13159911887841608,0.11976040199530286,0.08707431333962512,0.14324167271996616,0.15670960265481243,0.1538132851598866,0.13031238644666238,0.16256879754302372,0.17332899444425284,0.22943208248078745,0.17338518721795304,0.07687629556959615,0.029654330704810883,0.09879294558076716,0.07099091054622582,0.10424140412043828,0.05412771412241704,0.0,0.10149793591991312,0.06162749852892004,0.06491731907746259,0.08447417714274066,0.12363827031224521,0.07717676725293378,0.09843731015238372,0.11489322611392257,0.14660589467225263,0.1097754968017639,0.12215571800654605,0.13433995275329386,0.2648299624251464,0.22765648909619862,0.14531983267173396,0.07348935180025308,0.06761071009787567,0.04261704076279156,0.08991914401907725,0.08885558694754822,0.10149793591991312,0.0,0.04682614976060671,0.1156132061407111,0.1221532046969674,0.04037546440321877,0.05582686662784664,0.12548182799155255,0.12729211899621926,0.08346843419099345,0.0846760014697535,0.13263836778857463,0.13621944428011956,0.26060246374314905,0.2145712625132464,0.12324468148179007,0.03503046401087875,0.04951012795808454,0.03705739764105839,0.06840578369713216,0.04677013359363676,0.06162749852892004,0.04682614976060671,0.0,0.09642426986102764,0.1100049835000731,0.0734564019096163,0.045379119600506154,0.11679931828469522,0.12665158729354772,0.10767362344621,0.08888799801180472,0.1304750288464668,0.1392257996272653,0.16758406114416363,0.1186972150477876,0.039568785591255734,0.07533205344163722,0.14504021988002036,0.09647407317611661,0.1579378761723214,0.11385803340278526,0.06491731907746259,0.1156132061407111,0.09642426986102764,0.0,0.02046641788462924,0.12197908329083967,0.08024348668688862,0.03634223750373844,0.05380183433195548,0.12799859600066057,0.08443280812792248,0.06460028076974486,0.07594770846576475,0.15102790593914328,0.10697472556741783,0.04484734766924935,0.09183748886679373,0.15923343091437767,0.10651751644488949,0.17335812735060646,0.13159911887841608,0.08447417714274066,0.1221532046969674,0.1100049835000731,0.02046641788462924,0.0,0.1245247023228007,0.08913376021920695,0.022114883507463576,0.03535567499949644,0.12587394721535908,0.0841982303642303,0.05144360513449321,0.06021119485078701,0.2570007258646519,0.2283379064324052,0.15750025686589628,0.10017866520221454,0.09710449804875909,0.07861642895129173,0.12331520243377293,0.11976040199530286,0.12363827031224521,0.04037546440321877,0.0734564019096163,0.12197908329083967,0.1245247023228007,0.0,0.053981946313658415,0.12065764100074375,0.11995024239082186,0.04454754813941966,0.06197145555305486,0.11851735054280582,0.12028458993299217,0.23307259910352543,0.19498046184651613,0.11676300508896367,0.06150951469668652,0.08794899438763881,0.065721348018203,0.1114214046634639,0.08707431333962512,0.07717676725293378,0.05582686662784664,0.045379119600506154,0.08024348668688862,0.08913376021920695,0.053981946313658415,0.0,0.08765005580222779,0.09670541950166955,0.07128574907232524,0.04421254805188841,0.09341267084024915,0.10220462468333315,0.14592029631942097,0.10999687381618589,0.06467870254134171,0.10400550857023305,0.1662519062726017,0.11702981381930849,0.18315155768196006,0.14324167271996616,0.09843731015238372,0.12548182799155255,0.11679931828469522,0.03634223750373844,0.022114883507463576,0.12065764100074375,0.08765005580222779,0.0,0.022889711577793806,0.11446877584671075,0.07231060811141199,0.029669183083197357,0.040508418641031656,0.1386692844577639,0.11073531669492959,0.07754138989430917,0.1164838687743092,0.17553477378074586,0.12195587171042968,0.19316244441918254,0.15670960265481243,0.11489322611392257,0.12729211899621926,0.12665158729354772,0.05380183433195548,0.03535567499949644,0.11995024239082186,0.09670541950166955,0.022889711577793806,0.0,0.11121132866423691,0.0759074288088665,0.028541226376168467,0.02851208334338337,0.23981361092649142,0.22098367148736298,0.16625489336524357,0.12934910603547128,0.1367303820296599,0.11616258045062243,0.1638840096498539,0.1538132851598866,0.14660589467225263,0.08346843419099345,0.10767362344621,0.12799859600066057,0.12587394721535908,0.04454754813941966,0.07128574907232524,0.11446877584671075,0.11121132866423691,0.0,0.04777215405838187,0.10153346061034776,0.10104372316062307,0.20806368054217228,0.18138043763457135,0.1237698349234145,0.09998006512076184,0.1301825979595809,0.10110111370106559,0.15481394203242832,0.13031238644666238,0.1097754968017639,0.0846760014697535,0.08888799801180472,0.08443280812792248,0.0841982303642303,0.06197145555305486,0.04421254805188841,0.07231060811141199,0.0759074288088665,0.04777215405838187,0.0,0.06382893404591505,0.06979835880835625,0.1444807609009576,0.12186233583140245,0.09392703394482503,0.12447412448061564,0.17867734983443395,0.1332633352111351,0.19867720212827816,0.16256879754302372,0.12215571800654605,0.13263836778857463,0.1304750288464668,0.06460028076974486,0.05144360513449321,0.11851735054280582,0.09341267084024915,0.029669183083197357,0.028541226376168467,0.10153346061034776,0.06382893404591505,0.0,0.01670366256336772,0.13974075751349585,0.12348511043038454,0.10306229862629235,0.13455120489415878,0.18693530467639977,0.13884164584936431,0.20732352414571867,0.17332899444425284,0.13433995275329386,0.13621944428011956,0.1392257996272653,0.07594770846576475,0.06021119485078701,0.12028458993299217,0.10220462468333315,0.040508418641031656,0.02851208334338337,0.10104372316062307,0.06979835880835625,0.01670366256336772,0.0,T
