0.0,0.05321017491535476,0.11094497843155848,0.16290586745087304,0.20621778961694173,0.21022566908079482,0.32014257319581,0.3901650020735069,0.4486309559138127,0.2103999921251897,0.33308706588675824,0.41042683565864696,0.47336608752245923,0.18533342895703406,0.22841218192999582,0.1606427100293169,0.11289227663375458,0.15423584572900711,0.17312740219616313,0.12241455106382143,0.08456765283070335,0.05321017491535476,0.0,0.06821124958451015,0.13050321643154336,0.18102750110283808,0.18229755128002317,0.290170229247251,0.3598072948585389,0.4186032644040286,0.18922248217983081,0.3116617427182041,0.38969209596376797,0.45375824126644776,0.17005295953959898,0.20814246742122236,0.13504144268114807,0.0836976940121034,0.1459079141379513,0.1567387483778245,0.10383183543152483,0.06829945674621701,0.11094497843155848,0.06821124958451015,0.0,0.06834282899299063,0.12474619681473909,0.11930055627417281,0.22409232948199864,0.2932037212247979,0.35192648310825014,0.13098772994230926,0.25027964576714234,0.3281240585783074,0.39251060087946216,0.12090117578813957,0.15452894098975173,0.0889386229201589,0.05947810377414204,0.1133554024642075,0.11820140994029728,0.08569532136086096,0.08554129523116977,0.16290586745087304,0.13050321643154336,0.06834282899299063,0.0,0.05802704499305415,0.07353328601980975,0.1701227513410846,0.23815384589935168,0.29618290085483917,0.07381524771355165,0.1856823522175522,0.26267944059109744,0.32687900465131453,0.06615563613246024,0.08856210856473666,0.04536012059588823,0.07217220355160608,0.07784439953605032,0.07301563357699585,0.08282063045594462,0.11649649546614939,0.20621778961694173,0.18102750110283808,0.12474619681473909,0.05802704499305415,0.0,0.08614425087525653,0.15221778473110154,0.21433756071361512,0.26930507097616746,0.06230867504000576,0.14417152233827876,0.2177304128453256,0.28065949203708684,0.04914071289335097,0.03253113330845718,0.053649295470986895,0.10826801992185858,0.07275101496359634,0.055196687298580044,0.1038808197295568,0.15049858987468445,0.21022566908079482,0.18229755128002317,0.11930055627417281,0.07353328601980975,0.08614425087525653,0.0,0.11005442987790233,0.18009280469091143,0.2386128312030302,0.041370751426844536,0.14183131437740057,0.21904894677185385,0.28283303299994234,0.0782598269266824,0.10030724468055192,0.11147657655120005,0.14265733956893634,0.12126822271130183,0.12592218161343383,0.15208340964204278,0.1838634264455139,0.32014257319581,0.290170229247251,0.22409232948199864,0.1701227513410846,0.15221778473110154,0.11005442987790233,0.0,0.07006395873853505,0.12873137810518173,0.11976300579281121,0.08411744538241177,0.13845923048523717,0.19663040893509365,0.1609933978798718,0.14841725834061542,0.19874735393448667,0.24205547712328618,0.21024516533975945,0.20578608997994416,0.24779686050707544,0.28628893791381427,0.3901650020735069,0.3598072948585389,0.2932037212247979,0.23815384589935168,0.21433756071361512,0.18009280469091143,0.07006395873853505,0.0,0.05880668632513723,0.18686082450059513,0.10599580614806998,0.1149845609905821,0.15700975340862855,0.22594117482647552,0.2056671943135399,0.2637203462673104,0.30952079774315205,0.2748617199309491,0.2681967016993222,0.3139898900227987,0.354230003381466,0.4486309559138127,0.4186032644040286,0.35192648310825014,0.29618290085483917,0.26930507097616746,0.2386128312030302,0.12873137810518173,0.05880668632513723,0.0,0.24359979267973067,0.14726251776342544,0.12248134082579672,0.13941125328913306,0.28137880101622237,0.2579522837026891,0.3199398113020646,0.3671225296176722,0.329952739743399,0.3225805002421341,0.37061716025922264,0.4119202805465283,0.2103999921251897,0.18922248217983081,0.13098772994230926,0.07381524771355165,0.06230867504000576,0.041370751426844536,0.11976300579281121,0.18686082450059513,0.24359979267973067,0.0,0.1242067660474361,0.2025035641663838,0.2662982776020144,0.04434329015499736,0.06682235992827416,0.09655897890380213,0.13773226554970516,0.09395682789457437,0.10002857900348384,0.13930660340967638,0.17796984628201656,0.33308706588675824,0.3116617427182041,0.25027964576714234,0.1856823522175522,0.14417152233827876,0.14183131437740057,0.08411744538241177,0.10599580614806998,0.14726251776342544,0.1242067660474361,0.0,0.07844388935294827,0.1426173257142592,0.15037160723785092,0.12307928946504501,0.1972988224791386,0.24987066491383067,0.19542336217608508,0.19010420069358644,0.24594007805961426,0.2917012041678677,0.41042683565864696,0.38969209596376797,0.3281240585783074,0.26267944059109744,0.2177304128453256,0.21904894677185385,0.13845923048523717,0.1149845609905821,0.12248134082579672,0.2025035641663838,0.07844388935294827,0.0,0.06441546670380871,0.226200382023834,0.1939061838618235,0.2711534287092731,0.32531974546092773,0.2683468582252161,0.2611287776117908,0.3195532086391897,0.3667982847166,0.47336608752245923,0.45375824126644776,0.39251060087946216,0.32687900465131453,0.28065949203708684,0.28283303299994234,0.19663040893509365,0.15700975340862855,0.13941125328913306,0.2662982776020144,0.1426173257142592,0.06441546670380871,0.0,0.28879131771934907,0.2556142432339498,0.3338452355157797,0.38853551876099623,0.3294399088425433,0.32211445971468855,0.3816485829239185,0.4294815553400831,0.18533342895703406,0.17005295953959898,0.12090117578813957,0.06615563613246024,0.04914071289335097,0.0782598269266824,0.1609933978798718,0.22594117482647552,0.28137880101622237,0.04434329015499736,0.15037160723785092,0.226200382023834,0.28879131771934907,0.0,0.05388459356264223,0.0682918103120853,0.11067730755651357,0.05073575658587492,0.0619280381897985,0.10521447386696561,0.14701342781023297,0.22841218192999582,0.20814246742122236,0.15452894098975173,0.08856210856473666,0.03253113330845718,0.10030724468055192,0.14841725834061542,0.2056671943135399,0.2579522837026891,0.06682235992827416,0.12307928946504501,0.1939061838618235,0.2556142432339498,0.05388459356264223,0.0,0.07985176805175671,0.1351216853708245,0.08173002741403987,0.0676936842150569,0.12605865643064856,0.17445332327111404,0.1606427100293169,0.13504144268114807,0.0889386229201589,0.04536012059588823,0.053649295470986895,0.11147657655120005,0.19874735393448667,0.2637203462673104,0.3199398113020646,0.09655897890380213,0.1972988224791386,0.2711534287092731,0.3338452355157797,0.0682918103120853,0.07985176805175671,0.0,0.05611378484398254,0.05353076077208084,0.034309417731004384,0.05130714637593125,0.09746005013050078,0.11289227663375458,0.0836976940121034,0.05947810377414204,0.07217220355160608,0.10826801992185858,0.14265733956893634,0.24205547712328618,0.30952079774315205,0.3671225296176722,0.13773226554970516,0.24987066491383067,0.32531974546092773,0.38853551876099623,0.11067730755651357,0.1351216853708245,0.05611378484398254,0.0,0.08205808224399615,0.07893032489256425,0.028376595202854654,0.045561126957373896,0.15423584572900711,0.1459079141379513,0.1133554024642075,0.07784439953605032,0.07275101496359634,0.12126822271130183,0.21024516533975945,0.2748617199309491,0.329952739743399,0.09395682789457437,0.19542336217608508,0.2683468582252161,0.3294399088425433,0.05073575658587492,0.08173002741403987,0.05353076077208084,0.08205808224399615,0.0,0.03605718821940039,0.06675514951246356,0.10871795149294657,0.17312740219616313,0.1567387483778245,0.11820140994029728,0.07301563357699585,0.055196687298580044,0.12592218161343383,0.20578608997994416,0.2681967016993222,0.3225805002421341,0.10002857900348384,0.19010420069358644,0.2611287776117908,0.32211445971468855,0.0619280381897985,0.0676936842150569,0.034309417731004384,0.07893032489256425,0.03605718821940039,0.0,0.06197308686399848,0.1114031988469061,0.12241455106382143,0.10383183543152483,0.08569532136086096,0.08282063045594462,0.1038808197295568,0.15208340964204278,0.24779686050707544,0.3139898900227987,0.37061716025922264,0.13930660340967638,0.24594007805961426,0.3195532086391897,0.3816485829239185,0.10521447386696561,0.12605865643064856,0.05130714637593125,0.028376595202854654,0.06675514951246356,0.06197308686399848,0.0,0.04991987769914376,0.08456765283070335,0.06829945674621701,0.08554129523116977,0.11649649546614939,0.15049858987468445,0.1838634264455139,0.28628893791381427,0.354230003381466,0.4119202805465283,0.17796984628201656,0.2917012041678677,0.3667982847166,0.4294815553400831,0.14701342781023297,0.17445332327111404,0.09746005013050078,0.045561126957373896,0.10871795149294657,0.1114031988469061,0.04991987769914376,0.0,V
0.0,0.0570635554710713,0.13006425776711353,0.1904308213436239,0.2377225541410596,0.24511270216303024,0.34989156728485493,0.4186649913735839,0.4792891261312227,0.246820040663125,0.3678449557645222,0.4477493677509735,0.5132982258820977,0.21651270700147468,0.26589364857577263,0.21144115874166577,0.17030535823146362,0.17352705017386402,0.19074765600023733,0.1368184580340071,0.09615231356061613,0.0570635554710713,0.0,0.08173940412424863,0.1519972330046083,0.20434107339913757,0.20343017093917437,0.3068987505098232,0.3754376280720508,0.43606173084083,0.210929526283599,0.3324045543134302,0.4130812712929669,0.47929046951474813,0.18683714689184075,0.23377530945293096,0.1767740985014106,0.1337763047605773,0.15263019782869341,0.16529447740863834,0.11108084029460542,0.07340257979500077,0.13006425776711353,0.08173940412424863,0.0,0.07657093208312099,0.13210635634118525,0.1234684595890797,0.22568715353395827,0.2940356598004717,0.354604575821427,0.13380947319287176,0.2539119226529529,0.33467099375468895,0.4009857428102337,0.11820680194125865,0.1620970308010955,0.1090235926841052,0.07303059006544843,0.10442186524494053,0.11356636649445732,0.08439961291589321,0.08743119530599082,0.1904308213436239,0.1519972330046083,0.07657093208312099,0.0,0.05579794905403446,0.07273081273164705,0.1676353566031367,0.2345502799600911,0.29439480872069335,0.06508426900198433,0.18165529232519043,0.2616771065189451,0.32781045071365644,0.04712153586855848,0.0858230591611982,0.042669587307575536,0.044487319880899164,0.06458383236020698,0.06645968643726267,0.08945422942144945,0.12681503085454188,0.2377225541410596,0.20434107339913757,0.13210635634118525,0.05579794905403446,0.0,0.08002103767692888,0.14389301012943456,0.20471491608419098,0.26173481557156814,0.04719782860045469,0.13641460062897828,0.2135958079572173,0.27887042086633335,0.030939898155738506,0.030232202442288927,0.03868753607939697,0.0798100307230168,0.07651864058566298,0.0687516768265514,0.1220144855331311,0.16827775154497482,0.24511270216303024,0.20343017093917437,0.1234684595890797,0.07273081273164705,0.08002103767692888,0.0,0.10500369448690758,0.17384143159878443,0.23446700318190566,0.04098889394924769,0.14069438990387997,0.22081114168972493,0.2864102995664248,0.07952796368265028,0.09710175805570269,0.09806449310848403,0.11581986434656852,0.12823184253792785,0.1320908930532985,0.16179743470071034,0.1948581931608741,0.34989156728485493,0.3068987505098232,0.22568715353395827,0.1676353566031367,0.14389301012943456,0.10500369448690758,0.0,0.06886260535633354,0.12953481818112636,0.11297774836740569,0.08025514729719306,0.14016998113200058,0.20018224658070388,0.15835101557850972,0.13692284642471306,0.17334984819294155,0.20562078729305136,0.21537139334719171,0.21130898974885268,0.2543873317877338,0.29282108260568773,0.4186649913735839,0.3754376280720508,0.2940356598004717,0.2345502799600911,0.20471491608419098,0.17384143159878443,0.06886260535633354,0.0,0.060693802336625406,0.17848097630527712,0.09683023487880171,0.11018911285235763,0.15504101775416806,0.22164251285334868,0.1913964573024627,0.23531412450987485,0.2705822335321965,0.2788546829237396,0.2726128248180617,0.31930452662235725,0.35935885998873873,0.4792891261312227,0.43606173084083,0.354604575821427,0.29439480872069335,0.26173481557156814,0.23446700318190566,0.12953481818112636,0.060693802336625406,0.0,0.2376559147650568,0.14050528110601576,0.11524872135081135,0.1327399297746847,0.2795198219020075,0.24557621704830612,0.292757665033384,0.3294403175042594,0.33654451949309294,0.3293089562586235,0.3779431607237361,0.4189029943966027,0.246820040663125,0.210929526283599,0.13380947319287176,0.06508426900198433,0.04719782860045469,0.04098889394924769,0.11297774836740569,0.17848097630527712,0.2376559147650568,0.0,0.12257730053998195,0.20367381166728693,0.2697695165293396,0.04759878238534505,0.06128568946957717,0.07676321864939312,0.10598283857839835,0.10439872809096593,0.10766058861000366,0.15051540353562112,0.19060763578572001,0.3678449557645222,0.3324045543134302,0.2539119226529529,0.18165529232519043,0.13641460062897828,0.14069438990387997,0.08025514729719306,0.09683023487880171,0.14050528110601576,0.12257730053998195,0.0,0.08123042135043285,0.14742541548058918,0.1536613099430399,0.11493770971386674,0.17205349428696914,0.21395843166857767,0.2081836471936639,0.20202130728858786,0.25828397343535975,0.3040350997476765,0.4477493677509735,0.4130812712929669,0.33467099375468895,0.2616771065189451,0.2135958079572173,0.22081114168972493,0.14016998113200058,0.11018911285235763,0.11524872135081135,0.20367381166728693,0.08123042135043285,0.0,0.06631846263842865,0.23195741674242237,0.18850741624876885,0.24791036329690222,0.2913276740566751,0.28371391783043354,0.2754962681131147,0.3342896866011715,0.3815048777463562,0.5132982258820977,0.47929046951474813,0.4009857428102337,0.32781045071365644,0.27887042086633335,0.2864102995664248,0.20018224658070388,0.15504101775416806,0.1327399297746847,0.2697695165293396,0.14742541548058918,0.06631846263842865,0.0,0.2971467627392886,0.2528258700768546,0.3127500372849855,0.35659777981729135,0.3476453712293174,0.3389817534923846,0.39874513440932696,0.4465317449772488,0.21651270700147468,0.18683714689184075,0.11820680194125865,0.04712153586855848,0.030939898155738506,0.07952796368265028,0.15835101557850972,0.22164251285334868,0.2795198219020075,0.04759878238534505,0.1536613099430399,0.23195741674242237,0.2971467627392886,0.0,0.055567327026131215,0.04808272964634667,0.07546507273395005,0.05830947446950082,0.06479454067827595,0.11255885025290635,0.15612951530875444,0.26589364857577263,0.23377530945293096,0.1620970308010955,0.0858230591611982,0.030232202442288927,0.09710175805570269,0.13692284642471306,0.1913964573024627,0.24557621704830612,0.06128568946957717,0.11493770971386674,0.18850741624876885,0.2528258700768546,0.055567327026131215,0.0,0.06194883653742184,0.10619752911146747,0.09875785643000895,0.08749636372050651,0.1460645245760252,0.1941089918416609,0.21144115874166577,0.1767740985014106,0.1090235926841052,0.042669587307575536,0.03868753607939697,0.09806449310848403,0.17334984819294155,0.23531412450987485,0.292757665033384,0.07676321864939312,0.17205349428696914,0.24791036329690222,0.3127500372849855,0.04808272964634667,0.06194883653742184,0.0,0.044861960801352706,0.0593849075903877,0.041313016810745715,0.08736658026281452,0.13413557240166357,0.17030535823146362,0.1337763047605773,0.07303059006544843,0.044487319880899164,0.0798100307230168,0.11581986434656852,0.20562078729305136,0.2705822335321965,0.3294403175042594,0.10598283857839835,0.21395843166857767,0.2913276740566751,0.35659777981729135,0.07546507273395005,0.10619752911146747,0.044861960801352706,0.0,0.05585369674557893,0.04616541837712371,0.04940044830031563,0.09121585955191024,0.17352705017386402,0.15263019782869341,0.10442186524494053,0.06458383236020698,0.07651864058566298,0.12823184253792785,0.21537139334719171,0.2788546829237396,0.33654451949309294,0.10439872809096593,0.2081836471936639,0.28371391783043354,0.3476453712293174,0.05830947446950082,0.09875785643000895,0.0593849075903877,0.05585369674557893,0.0,0.033190956681515615,0.06609670283011616,0.1098400992188989,0.19074765600023733,0.16529447740863834,0.11356636649445732,0.06645968643726267,0.0687516768265514,0.1320908930532985,0.21130898974885268,0.2726128248180617,0.3293089562586235,0.10766058861000366,0.20202130728858786,0.2754962681131147,0.3389817534923846,0.06479454067827595,0.08749636372050651,0.041313016810745715,0.04616541837712371,0.033190956681515615,0.0,0.06305006869362775,0.1127498676238532,0.1368184580340071,0.11108084029460542,0.08439961291589321,0.08945422942144945,0.1220144855331311,0.16179743470071034,0.2543873317877338,0.31930452662235725,0.3779431607237361,0.15051540353562112,0.25828397343535975,0.3342896866011715,0.39874513440932696,0.11255885025290635,0.1460645245760252,0.08736658026281452,0.04940044830031563,0.06609670283011616,0.06305006869362775,0.0,0.05001019262063634,0.09615231356061613,0.07340257979500077,0.08743119530599082,0.12681503085454188,0.16827775154497482,0.1948581931608741,0.29282108260568773,0.35935885998873873,0.4189029943966027,0.19060763578572001,0.3040350997476765,0.3815048777463562,0.4465317449772488,0.15612951530875444,0.1941089918416609,0.13413557240166357,0.09121585955191024,0.1098400992188989,0.1127498676238532,0.05001019262063634,0.0,V
0.0,0.0634335201825636,0.1403584606832182,0.19699426153986885,0.2407307027990641,0.2593777221032313,0.3644427001663813,0.4315449351191401,0.4891735481040753,0.26305720450477343,0.38456784525695786,0.4628030820399189,0.5267388592924649,0.23396734022375995,0.26745270295884405,0.201108883172011,0.15674671098902201,0.1904557725281495,0.20003374770809307,0.1443314018133959,0.10322743777275474,0.0634335201825636,0.0,0.08225059645033321,0.1473803031393366,0.1958613409916222,0.20563899421336612,0.30958004514048737,0.37643506081957423,0.4340470679430127,0.2145367231054757,0.3365403197164101,0.4156421738205862,0.48042675123013334,0.19157515700283936,0.22440673121205099,0.1566110958376656,0.1111689622493649,0.15731374010237814,0.1650105266659956,0.11057272660335987,0.07270002289952199,0.1403584606832182,0.08225059645033321,0.0,0.07183872891777023,0.12347570731815577,0.12476268258870654,0.22767964944188815,0.2944020990085752,0.3519841651005592,0.1361622871780302,0.25707357324716434,0.3363625634370296,0.40140809535183486,0.12117539373451497,0.15320275984284762,0.09183772226480888,0.05845288383279956,0.10659330828438586,0.11350090005020047,0.08221973040528834,0.07951753111728635,0.19699426153986885,0.1473803031393366,0.07183872891777023,0.0,0.05181361617131151,0.0780253504290759,0.17454932613773597,0.24009420283457591,0.2970448506393565,0.0720632077788423,0.19035121671821167,0.2688344366184938,0.3335138117283521,0.05200876407950014,0.08170045956324296,0.036598476268356134,0.05345558365749156,0.0616595747975795,0.0662081086733235,0.081755888319015,0.11172724551389901,0.2407307027990641,0.1958613409916222,0.12347570731815577,0.05181361617131151,0.0,0.08052337446347703,0.15157268231951368,0.21229763540682678,0.26695248348917816,0.04987491837261446,0.1487380238177315,0.22467824471742387,0.2883663173398895,0.021794975514667088,0.030041734540621257,0.047690860861467746,0.09147991537522451,0.06466411850409805,0.06311148656068155,0.1104056454517171,0.14966791701739662,0.2593777221032313,0.20563899421336612,0.12476268258870654,0.0780253504290759,0.08052337446347703,0.0,0.10545057001218543,0.17262145771489865,0.23020954564366206,0.041533917332721264,0.1423953444510355,0.221129295476945,0.2857300079546911,0.07958101162857906,0.09672849037312237,0.10609149130439759,0.13011100532573872,0.12835545542923588,0.1340819436991099,0.15971764954767015,0.1862464109118521,0.3644427001663813,0.30958004514048737,0.22767964944188815,0.17454932613773597,0.15157268231951368,0.10545057001218543,0.0,0.06718705739069161,0.1248250828658623,0.11175366141208191,0.07935320335663715,0.13927678595929166,0.19918842142588739,0.15645242282407607,0.14582002694735285,0.1908624021455595,0.22575280768689684,0.21411350403026316,0.21428250636666124,0.2536356616393908,0.2855451676691308,0.4315449351191401,0.37643506081957423,0.2944020990085752,0.24009420283457591,0.21229763540682678,0.17262145771489865,0.06718705739069161,0.0,0.057667784377844665,0.17571660713826148,0.09410660400678286,0.10960225043956037,0.15582440607970752,0.21807018163152597,0.20104979495727815,0.25326786770668624,0.2904624779440122,0.2758586671969052,0.27447280767054666,0.31742969813799377,0.3508805122957861,0.4891735481040753,0.4340470679430127,0.3519841651005592,0.2970448506393565,0.26695248348917816,0.23020954564366206,0.1248250828658623,0.057667784377844665,0.0,0.2318975639566616,0.1346784420386965,0.1128006304899549,0.1343841872666191,0.2729229004853858,0.2531617746904637,0.3086627392421829,0.3470010999802026,0.330506741212671,0.3284349382721855,0.37334773304730795,0.40766088031550374,0.26305720450477343,0.2145367231054757,0.1361622871780302,0.0720632077788423,0.04987491837261446,0.041533917332721264,0.11175366141208191,0.17571660713826148,0.2318975639566616,0.0,0.12295458418549116,0.20242821431469968,0.26716099399725696,0.047264877035164604,0.05991628089728426,0.08941858606258334,0.1243574174543667,0.10462987902140318,0.10992691463520635,0.14881236057583322,0.18237709125857696,0.38456784525695786,0.3365403197164101,0.25707357324716434,0.19035121671821167,0.1487380238177315,0.1423953444510355,0.07935320335663715,0.09410660400678286,0.1346784420386965,0.12295458418549116,0.0,0.07966684945510402,0.14462751864910975,0.15311210217605686,0.12906083704688526,0.19491350886061973,0.23834159108212655,0.2082108289658992,0.2068184976767532,0.25903939355300787,0.2979162706609135,0.4628030820399189,0.4156421738205862,0.3363625634370296,0.2688344366184938,0.22467824471742387,0.221129295476945,0.13927678595929166,0.10960225043956037,0.1128006304899549,0.20242821431469968,0.07966684945510402,0.0,0.06511191546411509,0.2295886802370213,0.2015025392624922,0.27021105830748804,0.31503770183054075,0.2817827764945466,0.2788394979623181,0.33387575588464363,0.3742433996109734,0.5267388592924649,0.48042675123013334,0.40140809535183486,0.3335138117283521,0.2883663173398895,0.2857300079546911,0.19918842142588739,0.15582440607970752,0.1343841872666191,0.26716099399725696,0.14462751864910975,0.06511191546411509,0.0,0.293045074763207,0.2640344139226344,0.33366516092329973,0.37898594996727336,0.3437248293377794,0.3404443948944858,0.3967152789314273,0.437741806149447,0.23396734022375995,0.19157515700283936,0.12117539373451497,0.05200876407950014,0.021794975514667088,0.07958101162857906,0.15645242282407607,0.21807018163152597,0.2729229004853858,0.047264877035164604,0.15311210217605686,0.2295886802370213,0.293045074763207,0.0,0.04239944236678433,0.0552949920530925,0.09330114905787021,0.05900462702763911,0.06593484762088037,0.11079257710693856,0.14835722219834652,0.26745270295884405,0.22440673121205099,0.15320275984284762,0.08170045956324296,0.030041734540621257,0.09672849037312237,0.14582002694735285,0.20104979495727815,0.2531617746904637,0.05991628089728426,0.12906083704688526,0.2015025392624922,0.2640344139226344,0.04239944236678433,0.0,0.07140588469694144,0.11750629391004999,0.08311915294756629,0.07795954139066845,0.13270217500297463,0.17423370656815745,0.201108883172011,0.1566110958376656,0.09183772226480888,0.036598476268356134,0.047690860861467746,0.10609149130439759,0.1908624021455595,0.25326786770668624,0.3086627392421829,0.08941858606258334,0.19491350886061973,0.27021105830748804,0.33366516092329973,0.0552949920530925,0.07140588469694144,0.0,0.046653940820926096,0.043603336524085025,0.034946222798612175,0.0653388016001964,0.10474881618972634,0.15674671098902201,0.1111689622493649,0.05845288383279956,0.05345558365749156,0.09147991537522451,0.13011100532573872,0.22575280768689684,0.2904624779440122,0.3470010999802026,0.1243574174543667,0.23834159108212655,0.31503770183054075,0.37898594996727336,0.09330114905787021,0.11750629391004999,0.046653940820926096,0.0,0.061033317974416024,0.06001893010272423,0.03319473604592214,0.06105503716464746,0.1904557725281495,0.15731374010237814,0.10659330828438586,0.0616595747975795,0.06466411850409805,0.12835545542923588,0.21411350403026316,0.2758586671969052,0.330506741212671,0.10462987902140318,0.2082108289658992,0.2817827764945466,0.3437248293377794,0.05900462702763911,0.08311915294756629,0.043603336524085025,0.061033317974416024,0.0,0.02522271683341413,0.06172682930696268,0.10146626359340545,0.20003374770809307,0.1650105266659956,0.11350090005020047,0.0662081086733235,0.06311148656068155,0.1340819436991099,0.21428250636666124,0.27447280767054666,0.3284349382721855,0.10992691463520635,0.2068184976767532,0.2788394979623181,0.3404443948944858,0.06593484762088037,0.07795954139066845,0.034946222798612175,0.06001893010272423,0.02522271683341413,0.0,0.05988850772987568,0.10347034205487829,0.1443314018133959,0.11057272660335987,0.08221973040528834,0.081755888319015,0.1104056454517171,0.15971764954767015,0.2536356616393908,0.31742969813799377,0.37334773304730795,0.14881236057583322,0.25903939355300787,0.33387575588464363,0.3967152789314273,0.11079257710693856,0.13270217500297463,0.0653388016001964,0.03319473604592214,0.06172682930696268,0.05988850772987568,0.0,0.043883441306342745,0.10322743777275474,0.07270002289952199,0.07951753111728635,0.11172724551389901,0.14966791701739662,0.1862464109118521,0.2855451676691308,0.3508805122957861,0.40766088031550374,0.18237709125857696,0.2979162706609135,0.3742433996109734,0.437741806149447,0.14835722219834652,0.17423370656815745,0.10474881618972634,0.06105503716464746,0.10146626359340545,0.10347034205487829,0.043883441306342745,0.0,V
0.0,0.06324771966656809,0.13949638971159423,0.19811308207643163,0.2427706376198417,0.2652955425836304,0.3688754827680487,0.4355334331771249,0.49304719094729466,0.26988833937850976,0.39304120619694355,0.4704312759721642,0.5310645988263712,0.24155478656617896,0.2759010834223424,0.2110326513816261,0.165740467011017,0.19873497500773515,0.21098779320368108,0.1535764806008749,0.1094366767954547,0.06324771966656809,0.0,0.08116822102269042,0.14797088708518558,0.19769890291489584,0.21214840146790956,0.3145027687355184,0.380886353814523,0.43836544735272576,0.22184294768657148,0.3453468723606043,0.4234767341796074,0.48488483054084314,0.19925568291377152,0.23290382395014078,0.16673135382383025,0.12058154802755419,0.16481226691577078,0.17497767100264885,0.11850927988161739,0.07731608244394503,0.13949638971159423,0.08116822102269042,0.0,0.07327639655954676,0.12665327919173983,0.1326316491844265,0.23379742109188384,0.3000010745749384,0.35742806089643314,0.14519342730353096,0.2674537971394835,0.34570186704035305,0.4073635802279082,0.13013034616651076,0.16282538994460521,0.10172139230367519,0.06486546327932415,0.11302690274126996,0.12132560167051061,0.08394747309442521,0.07632213591863271,0.19811308207643163,0.14797088708518558,0.07327639655954676,0.0,0.053719182242589474,0.0810817922764909,0.17728075990981604,0.24254511211434276,0.299437312444385,0.0785385709480062,0.19855016365573205,0.27612771194756447,0.3374621069075245,0.059786297851591653,0.08983619154927525,0.03932875786833208,0.04645626558310173,0.06352211635095266,0.0675634131351612,0.07512531630501446,0.1056748310435898,0.2427706376198417,0.19769890291489584,0.12665327919173983,0.053719182242589474,0.0,0.08045650416159514,0.15300504787784888,0.2136616877491773,0.2682938295378864,0.0523244491360913,0.15541994791203256,0.23064657114786677,0.29099389646994067,0.02349111971639875,0.036189409511403176,0.038478022441562586,0.08264546633668111,0.05994100737260159,0.055139033146123596,0.10146836972332345,0.1435524730237137,0.2652955425836304,0.21214840146790956,0.1326316491844265,0.0810817922764909,0.08045650416159514,0.0,0.10394337228619631,0.1706539999330884,0.2281297083729852,0.04191440651067965,0.14422908585782532,0.22192328974742417,0.2832581146899,0.07890363636148551,0.09637046441996827,0.10371933432324502,0.12749863235638248,0.12623540079811035,0.1300726369174731,0.1556752392810603,0.1847640214146164,0.3688754827680487,0.3145027687355184,0.23379742109188384,0.17728075990981604,0.15300504787784888,0.10394337228619631,0.0,0.066730479497017,0.12425571030619191,0.11013686702617968,0.0805144053796373,0.1406599033708748,0.1978028788180288,0.1540989894300492,0.14310965884339835,0.18625532234387374,0.22151737409054445,0.21048475109271159,0.20791729764140401,0.2481075105479065,0.28279557078416545,0.4355334331771249,0.380886353814523,0.3000010745749384,0.24254511211434276,0.2136616877491773,0.1706539999330884,0.066730479497017,0.0,0.05754955679934048,0.173459065756625,0.09222774051857185,0.10962658861529327,0.15430123880494326,0.21510316344541755,0.19745452762880167,0.24798058482706958,0.285700151708507,0.27167840374614083,0.26736927529103377,0.31140800948469965,0.34771343616601447,0.49304719094729466,0.43836544735272576,0.35742806089643314,0.299437312444385,0.2682938295378864,0.2281297083729852,0.12425571030619191,0.05754955679934048,0.0,0.22941354154827925,0.13136244552030185,0.1108096487598859,0.13228299279769098,0.2696991116486319,0.24913475044743988,0.3030430614984834,0.3419979947902594,0.32607714428646084,0.32096159025075066,0.3670945105004176,0.40432297504783427,0.26988833937850976,0.22184294768657148,0.14519342730353096,0.0785385709480062,0.0523244491360913,0.04191440651067965,0.11013686702617968,0.173459065756625,0.22941354154827925,0.0,0.12440723099034375,0.20288212460427327,0.26427219796943724,0.046385595398562275,0.05899649825628083,0.08611267232790934,0.12134812900087591,0.1025221872009299,0.10513966060511812,0.1447068216887982,0.18125773722424618,0.39304120619694355,0.3453468723606043,0.2674537971394835,0.19855016365573205,0.15541994791203256,0.14422908585782532,0.0805144053796373,0.09222774051857185,0.13136244552030185,0.12440723099034375,0.0,0.07864602752003623,0.14024911959380726,0.1540388136129903,0.12890710305415093,0.1929011253424932,0.23693013765208742,0.20796696501922454,0.20319151073142996,0.2567300430139208,0.2986388639870166,0.4704312759721642,0.4234767341796074,0.34570186704035305,0.27612771194756447,0.23064657114786677,0.22192328974742417,0.1406599033708748,0.10962658861529327,0.1108096487598859,0.20288212460427327,0.07864602752003623,0.0,0.06173022420225858,0.2297129142023401,0.20064670065961565,0.26733404302339403,0.312716861080817,0.2809090901212565,0.27456206282366075,0.3308360901011072,0.37416730747619625,0.5310645988263712,0.48488483054084314,0.4073635802279082,0.3374621069075245,0.29099389646994067,0.2832581146899,0.1978028788180288,0.15430123880494326,0.13228299279769098,0.26427219796943724,0.14024911959380726,0.06173022420225858,0.0,0.28982978409248683,0.25977932262457304,0.32733883923645657,0.3732093412264074,0.3395757247811376,0.3328423505346804,0.39030657818916387,0.43427442875567185,0.24155478656617896,0.19925568291377152,0.13013034616651076,0.059786297851591653,0.02349111971639875,0.07890363636148551,0.1540989894300492,0.21510316344541755,0.2696991116486319,0.046385595398562275,0.1540388136129903,0.2297129142023401,0.28982978409248683,0.0,0.04267568725020261,0.05209186512573784,0.09031557690782696,0.05776351842901104,0.061818433818343455,0.10722555965045107,0.14781542472981826,0.2759010834223424,0.23290382395014078,0.16282538994460521,0.08983619154927525,0.036189409511403176,0.09637046441996827,0.14310965884339835,0.19745452762880167,0.24913475044743988,0.05899649825628083,0.12890710305415093,0.20064670065961565,0.25977932262457304,0.04267568725020261,0.0,0.06921976160175337,0.11582051895890932,0.08289242755883798,0.07448894647988853,0.1305501558471536,0.1750597365982624,0.2110326513816261,0.16673135382383025,0.10172139230367519,0.03932875786833208,0.038478022441562586,0.10371933432324502,0.18625532234387374,0.24798058482706958,0.3030430614984834,0.08611267232790934,0.1929011253424932,0.26733404302339403,0.32733883923645657,0.05209186512573784,0.06921976160175337,0.0,0.047114955034505544,0.041930364320174086,0.03287603352635793,0.06491418416306309,0.10754817230270537,0.165740467011017,0.12058154802755419,0.06486546327932415,0.04645626558310173,0.08264546633668111,0.12749863235638248,0.22151737409054445,0.285700151708507,0.3419979947902594,0.12134812900087591,0.23693013765208742,0.312716861080817,0.3732093412264074,0.09031557690782696,0.11582051895890932,0.047114955034505544,0.0,0.05791090162557539,0.0595241859461302,0.031248157663925847,0.06291012023510441,0.19873497500773515,0.16481226691577078,0.11302690274126996,0.06352211635095266,0.05994100737260159,0.12623540079811035,0.21048475109271159,0.27167840374614083,0.32607714428646084,0.1025221872009299,0.20796696501922454,0.2809090901212565,0.3395757247811376,0.05776351842901104,0.08289242755883798,0.041930364320174086,0.05791090162557539,0.0,0.024829903681748106,0.05893419667050169,0.10155656124325604,0.21098779320368108,0.17497767100264885,0.12132560167051061,0.0675634131351612,0.055139033146123596,0.1300726369174731,0.20791729764140401,0.26736927529103377,0.32096159025075066,0.10513966060511812,0.20319151073142996,0.27456206282366075,0.3328423505346804,0.061818433818343455,0.07448894647988853,0.03287603352635793,0.0595241859461302,0.024829903681748106,0.0,0.06086408910050751,0.10715138388587177,0.1535764806008749,0.11850927988161739,0.08394747309442521,0.07512531630501446,0.10146836972332345,0.1556752392810603,0.2481075105479065,0.31140800948469965,0.3670945105004176,0.1447068216887982,0.2567300430139208,0.3308360901011072,0.39030657818916387,0.10722555965045107,0.1305501558471536,0.06491418416306309,0.031248157663925847,0.05893419667050169,0.06086408910050751,0.0,0.04652160316450277,0.1094366767954547,0.07731608244394503,0.07632213591863271,0.1056748310435898,0.1435524730237137,0.1847640214146164,0.28279557078416545,0.34771343616601447,0.40432297504783427,0.18125773722424618,0.2986388639870166,0.37416730747619625,0.43427442875567185,0.14781542472981826,0.1750597365982624,0.10754817230270537,0.06291012023510441,0.10155656124325604,0.10715138388587177,0.04652160316450277,0.0,V
