0.0,0.09042891533183062,0.1744341932037548,0.24303537854493099,0.29749210745567095,0.20334850597840265,0.27624451363209906,0.29302555133281344,0.30041250859231383,0.18968541982840464,0.2754509766937639,0.28688408498954665,0.29329992647281744,0.18023748271642304,0.2598335191792165,0.27395756852301195,0.2783500116493584,0.17369986296102685,0.23035758716729662,0.25853191603058,0.2798968242741787,0.09042891533183062,0.0,0.08490601703975739,0.15398219681467876,0.21001097859878323,0.13487569869174626,0.20656579869259445,0.2241808280110909,0.235208943701872,0.13653353168861393,0.2078396113815695,0.21976863945397163,0.23181838555624903,0.13832667669930512,0.19724645360395418,0.2105884315771772,0.22069461491888626,0.14346270843660133,0.17639265190191675,0.19848445467167622,0.21881579235402643,0.1744341932037548,0.08490601703975739,0.0,0.06915490893595831,0.12585721396852256,0.0933385215844458,0.14873529007981404,0.1677844508625711,0.1849042250185355,0.11883166150610147,0.153613616364793,0.16708345649571937,0.1879427137115911,0.13515508261505413,0.15202755060889264,0.1647592685923726,0.18345253287342428,0.1527498167580539,0.1488810091423685,0.15993758264749738,0.17699189635965235,0.24303537854493099,0.15398219681467876,0.06915490893595831,0.0,0.05831700789145267,0.1086534580392126,0.12734062868861434,0.1458059128047195,0.16844701752240201,0.14592863730088865,0.136254573174852,0.15008466031528825,0.17845250277521685,0.1687546618298227,0.14569509225816282,0.1561900755413835,0.18145578801308188,0.19130973050551422,0.16135964127163688,0.1601867110254697,0.17125087435557282,0.29749210745567095,0.21001097859878323,0.12585721396852256,0.05831700789145267,0.0,0.13572749611231158,0.12011187473620405,0.13642745900162384,0.16276329810547768,0.1741369174453546,0.13162067391782165,0.1453836641324642,0.17842296051761053,0.1990129659128034,0.14929907460831335,0.15822864788740146,0.18730472127454384,0.22357498274978407,0.1786843733032156,0.16952743668052087,0.17520038577298147,0.20334850597840265,0.13487569869174626,0.0933385215844458,0.1086534580392126,0.13572749611231158,0.0,0.07372323169385493,0.09173385273758157,0.10788976259166963,0.038707409643499335,0.07342539667007766,0.0889125483665524,0.1100902646864657,0.06330409275226197,0.0634222297819364,0.08224875008830948,0.1037281464472272,0.08806271808587654,0.06087925011655507,0.0773989205292453,0.09876707472225248,0.27624451363209906,0.20656579869259445,0.14873529007981404,0.12734062868861434,0.12011187473620405,0.07372323169385493,0.0,0.034205674184072034,0.06690408698906897,0.09506954276386416,0.014772797226829094,0.04400178860075308,0.08270165902432287,0.11670584175733095,0.03594919223387516,0.05474693511342012,0.08943592633315342,0.14004520415612304,0.07982015042158375,0.07103212349685642,0.07971555048691419,0.29302555133281344,0.2241808280110909,0.1677844508625711,0.1458059128047195,0.13642745900162384,0.09173385273758157,0.034205674184072034,0.0,0.034344969953191334,0.10833269531725748,0.024806647382766774,0.01513683240592828,0.053410036883066586,0.12661198513661223,0.03993730213677032,0.034100324235587405,0.06533051604908877,0.14646103022448176,0.07792786477131053,0.05550103435951022,0.05432187479175209,0.30041250859231383,0.235208943701872,0.1849042250185355,0.16844701752240201,0.16276329810547768,0.10788976259166963,0.06690408698906897,0.034344969953191334,0.0,0.11731714245720021,0.05435898943214109,0.023487386527687826,0.02191140823597455,0.1307759239123054,0.056151210560680793,0.028026122248585757,0.039467098477859876,0.14589343200010793,0.0761548775966959,0.04438503134392653,0.029163327196288058,0.18968541982840464,0.13653353168861393,0.11883166150610147,0.14592863730088865,0.1741369174453546,0.038707409643499335,0.09506954276386416,0.10833269531725748,0.11731714245720021,0.0,0.09051810743432942,0.10230162570928385,0.11397043476890684,0.025215658946226613,0.07141710244418113,0.0893490876712576,0.1020197334177818,0.05100972145026238,0.04766639031690937,0.07810592661158583,0.10176363967117688,0.2754509766937639,0.2078396113815695,0.153613616364793,0.136254573174852,0.13162067391782165,0.07342539667007766,0.014772797226829094,0.024806647382766774,0.05435898943214109,0.09051810743432942,0.0,0.03149968425636997,0.06892682593359656,0.11048716647727953,0.02422798779014014,0.04054820901086109,0.0751154088937488,0.1324695524249467,0.06875481355648637,0.05749673741764883,0.06581212703918772,0.28688408498954665,0.21976863945397163,0.16708345649571937,0.15008466031528825,0.1453836641324642,0.0889125483665524,0.04400178860075308,0.01513683240592828,0.023487386527687826,0.10230162570928385,0.03149968425636997,0.0,0.03958182986087339,0.11888890273161414,0.037042513627217874,0.020104620035928833,0.05046056363884103,0.1371856061084442,0.06743725702286071,0.04153907971690696,0.03930670672373161,0.29329992647281744,0.23181838555624903,0.1879427137115911,0.17845250277521685,0.17842296051761053,0.1100902646864657,0.08270165902432287,0.053410036883066586,0.02191140823597455,0.11397043476890684,0.06892682593359656,0.03958182986087339,0.0,0.12389399482384303,0.06335896582822789,0.03149305710709102,0.0198956624718164,0.1357322869135254,0.06888940193484717,0.03606613047689366,0.013434905788212503,0.18023748271642304,0.13832667669930512,0.13515508261505413,0.1687546618298227,0.1990129659128034,0.06330409275226197,0.11670584175733095,0.12661198513661223,0.1307759239123054,0.025215658946226613,0.11048716647727953,0.11888890273161414,0.12389399482384303,0.0,0.08893124037064624,0.10330900650002009,0.10896586826455644,0.02613532843827517,0.05524552001617608,0.08868588497951742,0.111570019477947,0.2598335191792165,0.19724645360395418,0.15202755060889264,0.14569509225816282,0.14929907460831335,0.0634222297819364,0.03594919223387516,0.03993730213677032,0.056151210560680793,0.07141710244418113,0.02422798779014014,0.037042513627217874,0.06335896582822789,0.08893124037064624,0.0,0.03253935610004282,0.06314202464668382,0.1096820859506065,0.04582712504717984,0.04202997805897284,0.05695581713649165,0.27395756852301195,0.2105884315771772,0.1647592685923726,0.1561900755413835,0.15822864788740146,0.08224875008830948,0.05474693511342012,0.034100324235587405,0.028026122248585757,0.0893490876712576,0.04054820901086109,0.020104620035928833,0.03149305710709102,0.10330900650002009,0.03253935610004282,0.0,0.03470044532271031,0.1197443661945576,0.04959015942299379,0.022010106395556173,0.025661890695071656,0.2783500116493584,0.22069461491888626,0.18345253287342428,0.18145578801308188,0.18730472127454384,0.1037281464472272,0.08943592633315342,0.06533051604908877,0.039467098477859876,0.1020197334177818,0.0751154088937488,0.05046056363884103,0.0198956624718164,0.10896586826455644,0.06314202464668382,0.03470044532271031,0.0,0.11853541492556564,0.055334396529864,0.026526167485291734,0.012867183209016112,0.17369986296102685,0.14346270843660133,0.1527498167580539,0.19130973050551422,0.22357498274978407,0.08806271808587654,0.14004520415612304,0.14646103022448176,0.14589343200010793,0.05100972145026238,0.1324695524249467,0.1371856061084442,0.1357322869135254,0.02613532843827517,0.1096820859506065,0.1197443661945576,0.11853541492556564,0.0,0.07016011439655613,0.10249012370442476,0.12354632445297846,0.23035758716729662,0.17639265190191675,0.1488810091423685,0.16135964127163688,0.1786843733032156,0.06087925011655507,0.07982015042158375,0.07792786477131053,0.0761548775966959,0.04766639031690937,0.06875481355648637,0.06743725702286071,0.06888940193484717,0.05524552001617608,0.04582712504717984,0.04959015942299379,0.055334396529864,0.07016011439655613,0.0,0.034159341946796096,0.056973245812988654,0.25853191603058,0.19848445467167622,0.15993758264749738,0.1601867110254697,0.16952743668052087,0.0773989205292453,0.07103212349685642,0.05550103435951022,0.04438503134392653,0.07810592661158583,0.05749673741764883,0.04153907971690696,0.03606613047689366,0.08868588497951742,0.04202997805897284,0.022010106395556173,0.026526167485291734,0.10249012370442476,0.034159341946796096,0.0,0.023681106546966233,0.2798968242741787,0.21881579235402643,0.17699189635965235,0.17125087435557282,0.17520038577298147,0.09876707472225248,0.07971555048691419,0.05432187479175209,0.029163327196288058,0.10176363967117688,0.06581212703918772,0.03930670672373161,0.013434905788212503,0.111570019477947,0.05695581713649165,0.025661890695071656,0.012867183209016112,0.12354632445297846,0.056973245812988654,0.023681106546966233,0.0,X
0.0,0.04936769512022601,0.11917607711303471,0.16996004963520867,0.1867434820432801,0.18024439965460434,0.2543550163346162,0.2739578278227684,0.2769879416505764,0.1640301610970993,0.20496186393477536,0.14895040398949538,0.11860205259656302,0.1395155360512531,0.1729468077641218,0.12079460979999215,0.09448072346590022,0.11241776736808251,0.14982071438052286,0.12184004617263904,0.10303749007568437,0.04936769512022601,0.0,0.07126063513302744,0.12369479912092562,0.14209903517465192,0.135992089962349,0.20865267541146906,0.2285590778966765,0.23222799863465263,0.12368191413200748,0.16092192035065678,0.10311083364984773,0.07182031545283915,0.10583857407112536,0.1318268342554757,0.07767323903111178,0.049043988267922736,0.0930935022395721,0.11780860839419333,0.08665490465344731,0.06263123625220932,0.11917607711303471,0.07126063513302744,0.0,0.05373713915483037,0.07448256189298526,0.06840548032091492,0.13809710959504043,0.15819866730586676,0.16244600350407343,0.06470733036940758,0.09326359085185858,0.036110720471498846,0.010567406873271975,0.06747478639288314,0.07390583675874618,0.035057990658385114,0.03179266301106657,0.08970619203900478,0.0830201361626059,0.058053470191950965,0.038619789334691124,0.16996004963520867,0.12369479912092562,0.05373713915483037,0.0,0.022997305563022995,0.027435827768398306,0.0859326431143701,0.10521208749782247,0.10906284862213123,0.03776041239573671,0.04069909102255916,0.022658560787415793,0.0520080075568479,0.0658755002068288,0.04132454128381214,0.05810314872097082,0.0779539406594431,0.1076187174160337,0.07665685539643906,0.0719507064514247,0.07251035901649076,0.1867434820432801,0.14209903517465192,0.07448256189298526,0.022997305563022995,0.0,0.031820299847201715,0.07212295640969789,0.08923526508488973,0.09160651447224179,0.03774255659397164,0.01968212833018815,0.03955325121053071,0.07085586155071959,0.06761442696214025,0.031396495897409976,0.07092891190819288,0.09485052969920722,0.11162480241100328,0.07319152959919746,0.07815330373054684,0.08580854221114308,0.18024439965460434,0.135992089962349,0.06840548032091492,0.027435827768398306,0.031820299847201715,0.0,0.07551567526951489,0.09573390471904598,0.0995478058133595,0.03175726164415621,0.03852013013841441,0.04416896323271765,0.06791485270288809,0.0692453955655875,0.05510812079363853,0.0777603758917627,0.0941403068607184,0.114997154680415,0.08725723178692124,0.08655181409323029,0.08742937114568823,0.2543550163346162,0.20865267541146906,0.13809710959504043,0.0859326431143701,0.07212295640969789,0.07551567526951489,0.0,0.02165331709753513,0.028878440065776164,0.09712173035919891,0.05560679142376422,0.10811272036300582,0.13761606296976558,0.1329631015160399,0.09887095412398986,0.1421990905283786,0.1638146597797933,0.17939902303239036,0.1396397391987446,0.14971072050651704,0.1566685717366984,0.2739578278227684,0.2285590778966765,0.15819866730586676,0.10521208749782247,0.08923526508488973,0.09573390471904598,0.02165331709753513,0.0,0.009956225198969505,0.11468912318731804,0.07137235129531655,0.12686457536853232,0.15714805987320177,0.14887664415296678,0.11306953638254054,0.15990796590297598,0.1828427416483684,0.19464155714932,0.15290227693043873,0.16584398037340461,0.17481460750029243,0.2769879416505764,0.23222799863465263,0.16244600350407343,0.10906284862213123,0.09160651447224179,0.0995478058133595,0.028878440065776164,0.009956225198969505,0.0,0.1161596037436792,0.07296630936923185,0.13015949073302982,0.16081554043129254,0.1490988816696214,0.11343370235243178,0.16237733444950414,0.18605967572730084,0.19435131036271872,0.15199871789766004,0.1667405015324446,0.17710239565496363,0.1640301610970993,0.12368191413200748,0.06470733036940758,0.03776041239573671,0.03774255659397164,0.03175726164415621,0.09712173035919891,0.11468912318731804,0.1161596037436792,0.0,0.04777339526349316,0.0398263444364247,0.05990553854990769,0.03856880145842285,0.03947014795572453,0.06270531080534272,0.08120123669117142,0.08550207612902927,0.0589055787763658,0.06204822755159379,0.06888195275484098,0.20496186393477536,0.16092192035065678,0.09326359085185858,0.04069909102255916,0.01968212833018815,0.03852013013841441,0.05560679142376422,0.07137235129531655,0.07296630936923185,0.04777339526349316,0.0,0.0589774712134113,0.08994002019886245,0.07978073764629547,0.0436910758580364,0.08999697363860233,0.11405155047932634,0.1250176813566046,0.0846241754015625,0.09458547267034606,0.1041960128715644,0.14895040398949538,0.10311083364984773,0.036110720471498846,0.022658560787415793,0.03955325121053071,0.04416896323271765,0.10811272036300582,0.12686457536853232,0.13015949073302982,0.0398263444364247,0.0589774712134113,0.0,0.03160008921336994,0.053859444828784124,0.040230264076332276,0.035651649031070126,0.05602249163254581,0.08981522583805475,0.06411742188768339,0.05222494037774596,0.05029483142130482,0.11860205259656302,0.07182031545283915,0.010567406873271975,0.0520080075568479,0.07085586155071959,0.06791485270288809,0.13761606296976558,0.15714805987320177,0.16081554043129254,0.05990553854990769,0.08994002019886245,0.03160008921336994,0.0,0.05886042351985066,0.06639384516937287,0.02508281370698703,0.027218572153354798,0.08061846943368713,0.07280249201763464,0.04757693508535974,0.029689346557306685,0.1395155360512531,0.10583857407112536,0.06747478639288314,0.0658755002068288,0.06761442696214025,0.0692453955655875,0.1329631015160399,0.14887664415296678,0.1490988816696214,0.03856880145842285,0.07978073764629547,0.053859444828784124,0.05886042351985066,0.0,0.048971175153652624,0.05152158084113773,0.06743577381884308,0.047247918642367825,0.03221374097419915,0.03485231815952803,0.049278021868348995,0.1729468077641218,0.1318268342554757,0.07390583675874618,0.04132454128381214,0.031396495897409976,0.05510812079363853,0.09887095412398986,0.11306953638254054,0.11343370235243178,0.03947014795572453,0.0436910758580364,0.040230264076332276,0.06639384516937287,0.048971175153652624,0.0,0.05603842140246748,0.08373725354036536,0.08729716421856683,0.04384104353205834,0.054624985889647724,0.07022244812215123,0.12079460979999215,0.07767323903111178,0.035057990658385114,0.05810314872097082,0.07092891190819288,0.0777603758917627,0.1421990905283786,0.15990796590297598,0.16237733444950414,0.06270531080534272,0.08999697363860233,0.035651649031070126,0.02508281370698703,0.05152158084113773,0.05603842140246748,0.0,0.029082985105330975,0.06731035245098542,0.05458262802742499,0.028062533104522357,0.02066408038246093,0.09448072346590022,0.049043988267922736,0.03179266301106657,0.0779539406594431,0.09485052969920722,0.0941403068607184,0.1638146597797933,0.1828427416483684,0.18605967572730084,0.08120123669117142,0.11405155047932634,0.05602249163254581,0.027218572153354798,0.06743577381884308,0.08373725354036536,0.029082985105330975,0.0,0.07135788209826054,0.0769085035779488,0.04556910819790933,0.01974410502656833,0.11241776736808251,0.0930935022395721,0.08970619203900478,0.1076187174160337,0.11162480241100328,0.114997154680415,0.17939902303239036,0.19464155714932,0.19435131036271872,0.08550207612902927,0.1250176813566046,0.08981522583805475,0.08061846943368713,0.047247918642367825,0.08729716421856683,0.06731035245098542,0.07135788209826054,0.0,0.04856166425772348,0.04212503712998318,0.05436966220777985,0.14982071438052286,0.11780860839419333,0.0830201361626059,0.07665685539643906,0.07319152959919746,0.08725723178692124,0.1396397391987446,0.15290227693043873,0.15199871789766004,0.0589055787763658,0.0846241754015625,0.06411742188768339,0.07280249201763464,0.03221374097419915,0.04384104353205834,0.05458262802742499,0.0769085035779488,0.04856166425772348,0.0,0.03194488867111425,0.057891706384877076,0.12184004617263904,0.08665490465344731,0.058053470191950965,0.0719507064514247,0.07815330373054684,0.08655181409323029,0.14971072050651704,0.16584398037340461,0.1667405015324446,0.06204822755159379,0.09458547267034606,0.05222494037774596,0.04757693508535974,0.03485231815952803,0.054624985889647724,0.028062533104522357,0.04556910819790933,0.04212503712998318,0.03194488867111425,0.0,0.026661320998584995,0.10303749007568437,0.06263123625220932,0.038619789334691124,0.07251035901649076,0.08580854221114308,0.08742937114568823,0.1566685717366984,0.17481460750029243,0.17710239565496363,0.06888195275484098,0.1041960128715644,0.05029483142130482,0.029689346557306685,0.049278021868348995,0.07022244812215123,0.02066408038246093,0.01974410502656833,0.05436966220777985,0.057891706384877076,0.026661320998584995,0.0,X
0.0,0.04359379406376481,0.11283139487319624,0.1537089466712324,0.14045820809539034,0.1980197529146363,0.2834089145545731,0.3050713163582524,0.2944890318493072,0.19275925178966588,0.2206054683981001,0.1485694527489544,0.11890665776659737,0.17347002713161427,0.1944212259228297,0.12508010722821986,0.0943893212688909,0.14959226038766207,0.18302439362624653,0.1409197935371934,0.1151908690479429,0.04359379406376481,0.0,0.07552671735239774,0.12263396708884626,0.11781504698306049,0.17509898709541893,0.2618581589509924,0.28198536130836477,0.2700758086081777,0.17455387440917788,0.1987954257619949,0.12645276047195322,0.09928902808350294,0.160860689602939,0.17809868239084498,0.11181254124962518,0.0866769663269266,0.14472827693149531,0.17376498463610776,0.1345902287081352,0.11415574057401788,0.11283139487319624,0.07552671735239774,0.0,0.05278387668323952,0.06861513135557853,0.11157813389160012,0.1967826729684734,0.2148250929784725,0.20175945021625272,0.11858200216039831,0.13643246823535865,0.0728578129861184,0.05935316543218653,0.11708986551177794,0.1276784011695945,0.08214296576259027,0.07791291380867457,0.12004056221964764,0.1367907865432973,0.11053658641732723,0.10475311881905226,0.1537089466712324,0.12263396708884626,0.05278387668323952,0.0,0.040414346801386954,0.06548529865986887,0.14546012010719125,0.16304491190510775,0.14995079406574027,0.07417149165145076,0.08514848525359808,0.03672556193892561,0.04962277641310744,0.08055202616634448,0.08301510311912307,0.06757610897091616,0.08383424442537502,0.0978539613715164,0.10147483287718032,0.09093837564131269,0.0990715017114175,0.14045820809539034,0.11781504698306049,0.06861513135557853,0.040414346801386954,0.0,0.0767816840419686,0.15098274383810648,0.17057023018992334,0.15930599015966332,0.07055219864840218,0.0860236030815286,0.01755026597750413,0.027955697444162167,0.05871974277630125,0.06365753246594384,0.031123646488252513,0.05629360213190412,0.062216677467475355,0.07060404296260744,0.053686245328334936,0.06455615963278467,0.1980197529146363,0.17509898709541893,0.11157813389160012,0.06548529865986887,0.0767816840419686,0.0,0.08934659983074995,0.11025596432305756,0.099866014871181,0.026659707767635387,0.03925723211807642,0.06017638172987397,0.08371804666013108,0.058913233202274616,0.06011329474261076,0.09211001304965244,0.11423037638850211,0.09825993660900618,0.0870874747825582,0.09902708861505476,0.1155775402753413,0.2834089145545731,0.2618581589509924,0.1967826729684734,0.14546012010719125,0.15098274383810648,0.08934659983074995,0.0,0.02430500434474153,0.024170181476838335,0.09151240705821417,0.06497348004367193,0.13783677176324696,0.16565993534183585,0.11741613615581246,0.10030578089323838,0.16523595887328668,0.19311859559351627,0.15621757146089302,0.1270933714061067,0.16113865492573207,0.18530614117869892,0.3050713163582524,0.28198536130836477,0.2148250929784725,0.16304491190510775,0.17057023018992334,0.11025596432305756,0.02430500434474153,0.0,0.015443117072210149,0.11446325402628783,0.08533447921733346,0.1582121451305428,0.18677479121498936,0.14038868736275384,0.12117321408220356,0.18663230779564516,0.21515729386014584,0.17858262612271558,0.14840148747687218,0.183168232638999,0.20786442946804512,0.2944890318493072,0.2700758086081777,0.20175945021625272,0.14995079406574027,0.15930599015966332,0.099866014871181,0.024170181476838335,0.015443117072210149,0.0,0.10616787574091202,0.07547848023617235,0.1472222470337175,0.17611343891501874,0.13323333964193682,0.11342624006548647,0.17706864927876292,0.20562182436841797,0.17180203191474472,0.1425516002080728,0.1755453122286687,0.19993842231917427,0.19275925178966588,0.17455387440917788,0.11858200216039831,0.07417149165145076,0.07055219864840218,0.026659707767635387,0.09151240705821417,0.11446325402628783,0.10616787574091202,0.0,0.0362663340700777,0.05444004660361367,0.07744170864364061,0.0346548329086904,0.03934173037964182,0.07881537702376784,0.10317903771947029,0.07612728825548891,0.06246618139505244,0.07898107971557992,0.09832216280254613,0.2206054683981001,0.1987954257619949,0.13643246823535865,0.08514848525359808,0.0860236030815286,0.03925723211807642,0.06497348004367193,0.08533447921733346,0.07547848023617235,0.0362663340700777,0.0,0.07332287879623177,0.10191898270093497,0.06072062244277422,0.04271655545673086,0.10167325384797933,0.13031709217631632,0.0993318778794627,0.07509849558991691,0.10170993989602578,0.1251915432510654,0.1485694527489544,0.12645276047195322,0.0728578129861184,0.03672556193892561,0.01755026597750413,0.06017638172987397,0.13783677176324696,0.1582121451305428,0.1472222470337175,0.05444004660361367,0.07332287879623177,0.0,0.030012963160589053,0.047380397232850674,0.0551756487649837,0.037071436586908695,0.06202797616501071,0.06148633391528231,0.06663469621871096,0.055499942745463084,0.06824259897983438,0.11890665776659737,0.09928902808350294,0.05935316543218653,0.04962277641310744,0.027955697444162167,0.08371804666013108,0.16565993534183585,0.18677479121498936,0.17611343891501874,0.07744170864364061,0.10191898270093497,0.030012963160589053,0.0,0.06326062867013969,0.07963384467188815,0.02565356968249635,0.035062354900770636,0.06097869309392579,0.0806435475647398,0.05225976160752296,0.05131853098582297,0.17347002713161427,0.160860689602939,0.11708986551177794,0.08055202616634448,0.05871974277630125,0.058913233202274616,0.11741613615581246,0.14038868736275384,0.13323333964193682,0.0346548329086904,0.06072062244277422,0.047380397232850674,0.06326062867013969,0.0,0.031094979913995274,0.054604801456738836,0.08002619144564711,0.04190125637259557,0.033515574915988756,0.04635924221513107,0.0681602064680803,0.1944212259228297,0.17809868239084498,0.1276784011695945,0.08301510311912307,0.06365753246594384,0.06011329474261076,0.10030578089323838,0.12117321408220356,0.11342624006548647,0.03934173037964182,0.04271655545673086,0.0551756487649837,0.07963384467188815,0.031094979913995274,0.0,0.06992593567087706,0.10059309984976889,0.06006822067731418,0.03347836478538343,0.06305958015705278,0.0894828641864898,0.12508010722821986,0.11181254124962518,0.08214296576259027,0.06757610897091616,0.031123646488252513,0.09211001304965244,0.16523595887328668,0.18663230779564516,0.17706864927876292,0.07881537702376784,0.10167325384797933,0.037071436586908695,0.02565356968249635,0.054604801456738836,0.06992593567087706,0.0,0.03236751094721477,0.03913787859220698,0.062149127298960466,0.02864499646350437,0.03344265943887283,0.0943893212688909,0.0866769663269266,0.07791291380867457,0.08383424442537502,0.05629360213190412,0.11423037638850211,0.19311859559351627,0.21515729386014584,0.20562182436841797,0.10317903771947029,0.13031709217631632,0.06202797616501071,0.035062354900770636,0.08002619144564711,0.10059309984976889,0.03236751094721477,0.0,0.05840127641189657,0.08963218647315864,0.04912220581224788,0.029710330372505554,0.14959226038766207,0.14472827693149531,0.12004056221964764,0.0978539613715164,0.062216677467475355,0.09825993660900618,0.15621757146089302,0.17858262612271558,0.17180203191474472,0.07612728825548891,0.0993318778794627,0.06148633391528231,0.06097869309392579,0.04190125637259557,0.06006822067731418,0.03913787859220698,0.05840127641189657,0.0,0.035712325232874986,0.01180451994485999,0.03488179552389394,0.18302439362624653,0.17376498463610776,0.1367907865432973,0.10147483287718032,0.07060404296260744,0.0870874747825582,0.1270933714061067,0.14840148747687218,0.1425516002080728,0.06246618139505244,0.07509849558991691,0.06663469621871096,0.0806435475647398,0.033515574915988756,0.03347836478538343,0.062149127298960466,0.08963218647315864,0.035712325232874986,0.0,0.04248725593531826,0.06998148242409319,0.1409197935371934,0.1345902287081352,0.11053658641732723,0.09093837564131269,0.053686245328334936,0.09902708861505476,0.16113865492573207,0.183168232638999,0.1755453122286687,0.07898107971557992,0.10170993989602578,0.055499942745463084,0.05225976160752296,0.04635924221513107,0.06305958015705278,0.02864499646350437,0.04912220581224788,0.01180451994485999,0.04248725593531826,0.0,0.02828543532450639,0.1151908690479429,0.11415574057401788,0.10475311881905226,0.0990715017114175,0.06455615963278467,0.1155775402753413,0.18530614117869892,0.20786442946804512,0.19993842231917427,0.09832216280254613,0.1251915432510654,0.06824259897983438,0.05131853098582297,0.0681602064680803,0.0894828641864898,0.03344265943887283,0.029710330372505554,0.03488179552389394,0.06998148242409319,0.02828543532450639,0.0,X
0.0,0.04759930702278389,0.12881026784702002,0.1795878025005436,0.16611624768849861,0.22011668846598714,0.31048318303222505,0.33539922769424974,0.32279530757988234,0.20937292849470693,0.24728774657266853,0.16857670958059986,0.13481899447486603,0.19262586353548886,0.2244924772328503,0.14853347384186547,0.11566986539726844,0.175396513841838,0.21826314494697777,0.16833614707787495,0.13826646970297612,0.04759930702278389,0.0,0.08689025848608657,0.14457881828937647,0.13901014227117198,0.1925316100253417,0.28412439080158153,0.308044270915406,0.29389230018300605,0.1873139894611557,0.21988831235281142,0.13934788382401556,0.10747342596952847,0.17687483956196526,0.20270060797550848,0.12777084944819603,0.10040944403062152,0.1685823286546137,0.2045564361670787,0.15563606869638957,0.1293627286371322,0.12881026784702002,0.08689025848608657,0.0,0.06470364716295471,0.07869594403793947,0.11975730578478663,0.2092133112624543,0.23144568396075987,0.21574060112007407,0.12483210347126637,0.14654088282736868,0.07200052083975698,0.0548044843281071,0.12859631803183363,0.1414696547465696,0.0833545478923817,0.07920901199572322,0.14075852268409889,0.1584028526556375,0.11995932990469826,0.10808385227570444,0.1795878025005436,0.14457881828937647,0.06470364716295471,0.0,0.040388075432858425,0.06330550558925814,0.14571487103014427,0.1674457446162115,0.15178650472773164,0.07261387694718284,0.08280655775767516,0.027633518205858514,0.05091596903875707,0.0866230745500778,0.08450911868369741,0.06199226471121841,0.08503061927254414,0.1135703737442295,0.11187629231778058,0.09097936293648207,0.09726170337301406,0.16611624768849861,0.13901014227117198,0.07869594403793947,0.040388075432858425,0.0,0.07316967311996986,0.15037946340158123,0.17334434640740204,0.16004868891688315,0.06377147322383873,0.08497328354076235,0.016837122835963145,0.0369337227919786,0.059815595783749086,0.0661544380321676,0.027274771630375432,0.06022046754094486,0.07671588199504698,0.08155208573971826,0.05329174358767892,0.062485990962565977,0.22011668846598714,0.1925316100253417,0.11975730578478663,0.06330550558925814,0.07316967311996986,0.0,0.09501166429668387,0.11997427830540087,0.10746750517140492,0.03184484586773067,0.04302425694199494,0.061991320776761324,0.08858639775046534,0.06691886701509814,0.0607566569488671,0.08540807783432654,0.11084755317608723,0.10908913860447125,0.0920203619462902,0.09431679594090006,0.11019233974386383,0.31048318303222505,0.28412439080158153,0.2092133112624543,0.14571487103014427,0.15037946340158123,0.09501166429668387,0.0,0.02656489886870354,0.024107892341059284,0.1029111091438118,0.065661424442099,0.14583146945339,0.177333714236119,0.1278574350018902,0.0959639264964196,0.16505458990512203,0.19640708840087326,0.1652990577231896,0.12309045552515692,0.15808014513493118,0.18474499705650704,0.33539922769424974,0.308044270915406,0.23144568396075987,0.1674457446162115,0.17334434640740204,0.11997427830540087,0.02656489886870354,0.0,0.018520190392099456,0.1289285798345519,0.08871260482286072,0.16924659082218338,0.20159530922383478,0.15304556321103385,0.1186767172955676,0.18933233493137339,0.22155913986816267,0.18921033639404689,0.1450467550476008,0.1821256124940644,0.20962075001390487,0.32279530757988234,0.29389230018300605,0.21574060112007407,0.15178650472773164,0.16004868891688315,0.10746750517140492,0.024107892341059284,0.018520190392099456,0.0,0.11914728143544805,0.07594353185945203,0.15541151437875558,0.18831208256532384,0.14504056953954264,0.10943339883114571,0.17759782628071163,0.21015058446184987,0.1824192191146563,0.1395284462443743,0.17329659540916184,0.2001396733597336,0.20937292849470693,0.1873139894611557,0.12483210347126637,0.07261387694718284,0.06377147322383873,0.03184484586773067,0.1029111091438118,0.1289285798345519,0.11914728143544805,0.0,0.049149870562997654,0.05831021753733109,0.08127829191133605,0.0360346416478325,0.04182226836031848,0.06853821223563926,0.09505703207468107,0.07903943449902048,0.06336462853243255,0.06728882633441642,0.08645336361882558,0.24728774657266853,0.21988831235281142,0.14654088282736868,0.08280655775767516,0.08497328354076235,0.04302425694199494,0.065661424442099,0.08871260482286072,0.07594353185945203,0.049149870562997654,0.0,0.0807546619206864,0.11322711226527112,0.07529855811349345,0.042165935287158486,0.10174961798383579,0.13453263429572246,0.11447853768368234,0.08026696485219928,0.10128152193657078,0.1261325214910994,0.16857670958059986,0.13934788382401556,0.07200052083975698,0.027633518205858514,0.016837122835963145,0.061991320776761324,0.14583146945339,0.16924659082218338,0.15541151437875558,0.05831021753733109,0.0807546619206864,0.0,0.03429556367976986,0.06272309024881252,0.06956778569258812,0.035456704370843896,0.06339428000859473,0.08620539460175279,0.08963371722652376,0.06362945050880107,0.07057612544947821,0.13481899447486603,0.10747342596952847,0.0548044843281071,0.05091596903875707,0.0369337227919786,0.08858639775046534,0.177333714236119,0.20159530922383478,0.18831208256532384,0.08127829191133605,0.11322711226527112,0.03429556367976986,0.0,0.0761666589678835,0.09720045093179183,0.03016214260378043,0.03507391575304518,0.08648352207211689,0.10692927725433597,0.06615618975097762,0.05647353869214725,0.19262586353548886,0.17687483956196526,0.12859631803183363,0.0866230745500778,0.059815595783749086,0.06691886701509814,0.1278574350018902,0.15304556321103385,0.14504056953954264,0.0360346416478325,0.07529855811349345,0.06272309024881252,0.0761666589678835,0.0,0.04436771940047159,0.05282583070029208,0.0777268068066814,0.04314145140994607,0.03994201460034823,0.03532828251706906,0.05847766234132528,0.2244924772328503,0.20270060797550848,0.1414696547465696,0.08450911868369741,0.0661544380321676,0.0607566569488671,0.0959639264964196,0.1186767172955676,0.10943339883114571,0.04182226836031848,0.042165935287158486,0.06956778569258812,0.09720045093179183,0.04436771940047159,0.0,0.07614621544933646,0.1101382045609016,0.0760185837422267,0.03989512612975554,0.06483100217337501,0.093906802424443,0.14853347384186547,0.12777084944819603,0.0833545478923817,0.06199226471121841,0.027274771630375432,0.08540807783432654,0.16505458990512203,0.18933233493137339,0.17759782628071163,0.06853821223563926,0.10174961798383579,0.035456704370843896,0.03016214260378043,0.05282583070029208,0.07614621544933646,0.0,0.03642990437354108,0.05839278342711594,0.07900729385246297,0.03664343906161606,0.03591563994605374,0.11566986539726844,0.10040944403062152,0.07920901199572322,0.08503061927254414,0.06022046754094486,0.11084755317608723,0.19640708840087326,0.22155913986816267,0.21015058446184987,0.09505703207468107,0.13453263429572246,0.06339428000859473,0.03507391575304518,0.0777268068066814,0.1101382045609016,0.03642990437354108,0.0,0.07175441601509013,0.10702834660586769,0.058481873388051366,0.03328191012728142,0.175396513841838,0.1685823286546137,0.14075852268409889,0.1135703737442295,0.07671588199504698,0.10908913860447125,0.1652990577231896,0.18921033639404689,0.1824192191146563,0.07903943449902048,0.11447853768368234,0.08620539460175279,0.08648352207211689,0.04314145140994607,0.0760185837422267,0.05839278342711594,0.07175441601509013,0.0,0.0488756653999207,0.02351770667135695,0.039524253528239676,0.21826314494697777,0.2045564361670787,0.1584028526556375,0.11187629231778058,0.08155208573971826,0.0920203619462902,0.12309045552515692,0.1450467550476008,0.1395284462443743,0.06336462853243255,0.08026696485219928,0.08963371722652376,0.10692927725433597,0.03994201460034823,0.03989512612975554,0.07900729385246297,0.10702834660586769,0.0488756653999207,0.0,0.049974979532864776,0.08069709382312876,0.16833614707787495,0.15563606869638957,0.11995932990469826,0.09097936293648207,0.05329174358767892,0.09431679594090006,0.15808014513493118,0.1821256124940644,0.17329659540916184,0.06728882633441642,0.10128152193657078,0.06362945050880107,0.06615618975097762,0.03532828251706906,0.06483100217337501,0.03664343906161606,0.058481873388051366,0.02351770667135695,0.049974979532864776,0.0,0.031727288162399725,0.13826646970297612,0.1293627286371322,0.10808385227570444,0.09726170337301406,0.062485990962565977,0.11019233974386383,0.18474499705650704,0.20962075001390487,0.2001396733597336,0.08645336361882558,0.1261325214910994,0.07057612544947821,0.05647353869214725,0.05847766234132528,0.093906802424443,0.03591563994605374,0.03328191012728142,0.039524253528239676,0.08069709382312876,0.031727288162399725,0.0,X
