0.0,0.08361589630658739,0.17377396376203527,0.25327801262125377,0.31262298073549866,0.3069593146181104,0.27981057479976673,0.2026862123430388,0.1651947756169665,0.32088601947816,0.26482608137680064,0.1720206504044675,0.1395696385026758,0.30739341261215547,0.2911943506632334,0.19260959380166043,0.13731022843364596,0.2843241006489555,0.3931680094625444,0.46491073933372573,0.5361039545300924,0.08361589630658739,0.0,0.09935786323188657,0.18038333873899026,0.2376563205668029,0.2779141891888621,0.25005821757818103,0.16637464217924444,0.12054747216542269,0.30590990416196223,0.24958454691540322,0.1491910052558368,0.10760580198576333,0.30525816922792354,0.288411027988144,0.18746453054865625,0.12827199625216107,0.2952125570970443,0.4004783565257034,0.4731189184953423,0.5449348979712911,0.17377396376203527,0.09935786323188657,0.0,0.08109425585860751,0.13952106609270432,0.21447623900175083,0.19141300516893114,0.12010192545732652,0.0883537690421972,0.2572718691170779,0.2112914265740153,0.133717869688754,0.111524407086282,0.2731677088328804,0.2625176964400529,0.18225291462373275,0.1457977955755348,0.28142870587076035,0.3756109519540617,0.4455911875870952,0.5150765042329669,0.25327801262125377,0.18038333873899026,0.08109425585860751,0.0,0.060561708421334376,0.1919149336892678,0.17808082916186196,0.13877240837868832,0.13274359542018577,0.24629580150011246,0.2161485899859567,0.1732319594036621,0.16869391685576013,0.27665926835849897,0.2724021496830866,0.2185133308015932,0.20192938649748693,0.29977952037096844,0.3785413597698454,0.4432529110145423,0.5085559883199129,0.31262298073549866,0.2376563205668029,0.13952106609270432,0.060561708421334376,0.0,0.21579601212045857,0.20962959679427962,0.18911840373611066,0.18972004375735146,0.2743701422010327,0.2552249329007966,0.22772155959186177,0.22639938432800424,0.31221670523555745,0.3114493660844828,0.27049904998261476,0.259425917618861,0.34250724808719457,0.41073566312307147,0.4708547541036426,0.5323664141677439,0.3069593146181104,0.2779141891888621,0.21447623900175083,0.1919149336892678,0.21579601212045857,0.0,0.04534477226186662,0.12668347506828986,0.17521419279299713,0.06027625085706232,0.08772151572130144,0.16452384550404262,0.20716129905784395,0.10804707718760902,0.13243711187986493,0.16951986309099887,0.21073234841762148,0.1555568977643201,0.20484350045215569,0.2620993152217065,0.32308439830123725,0.27981057479976673,0.25005821757818103,0.19141300516893114,0.17808082916186196,0.20962959679427962,0.04534477226186662,0.0,0.08881925120849134,0.1391607063686998,0.07446632864587398,0.05503325965194279,0.12489310853107036,0.16904530962189868,0.10463506141881085,0.10831725436893823,0.1295828771213871,0.17200305234178787,0.14070012546217528,0.20187076202594878,0.2652517678628286,0.33094163353587086,0.2026862123430388,0.16637464217924444,0.12010192545732652,0.13877240837868832,0.18911840373611066,0.12668347506828986,0.08881925120849134,0.0,0.050575621038773035,0.15346478729887303,0.09401885156030965,0.04783079143317896,0.08207884032633718,0.16172272233207022,0.1436912412433383,0.0825536030462811,0.09421536787279218,0.17015755157728213,0.25814969621509604,0.328231270277244,0.39849244878130946,0.1651947756169665,0.12054747216542269,0.0883537690421972,0.13274359542018577,0.18972004375735146,0.17521419279299713,0.1391607063686998,0.050575621038773035,0.0,0.2027655818376245,0.1406143648894711,0.04702267331524557,0.04107747705920069,0.20670959997686936,0.18439429522682896,0.09573508430550239,0.06980408779115745,0.20646232099610312,0.30059477820716457,0.371956889542486,0.44325787125248767,0.32088601947816,0.30590990416196223,0.2572718691170779,0.24629580150011246,0.2743701422010327,0.06027625085706232,0.07446632864587398,0.15346478729887303,0.2027655818376245,0.0,0.0755994349696993,0.17843620818840583,0.22650273425812018,0.05429013484145973,0.09405076029051673,0.16646077566508147,0.22002090984675385,0.10929161078370167,0.14644137725174414,0.20442240121418817,0.2671350805070563,0.26482608137680064,0.24958454691540322,0.2112914265740153,0.2161485899859567,0.2552249329007966,0.08772151572130144,0.05503325965194279,0.09401885156030965,0.1406143648894711,0.0755994349696993,0.0,0.10896986998042613,0.15850376836568264,0.07195446956802974,0.05764466705407551,0.09324606841432678,0.14957046899342955,0.09148896674505033,0.16547402207707804,0.23469825954926374,0.3046452838020325,0.1720206504044675,0.1491910052558368,0.133717869688754,0.1732319594036621,0.22772155959186177,0.16452384550404262,0.12489310853107036,0.04783079143317896,0.04702267331524557,0.17843620818840583,0.10896986998042613,0.0,0.04973204051378271,0.172221939441631,0.1442039852934237,0.0488169433110407,0.04814537950989167,0.1644702793111134,0.26017012563821035,0.33226539683378803,0.4043447859723438,0.1395696385026758,0.10760580198576333,0.111524407086282,0.16869391685576013,0.22639938432800424,0.20716129905784395,0.16904530962189868,0.08207884032633718,0.04107747705920069,0.22650273425812018,0.15850376836568264,0.04973204051378271,0.0,0.22125725352396092,0.19265181760491384,0.08841575086863658,0.037416352227165835,0.21035039324273766,0.30809181336007085,0.38034698673614925,0.45267282852979634,0.30739341261215547,0.30525816922792354,0.2731677088328804,0.27665926835849897,0.31221670523555745,0.10804707718760902,0.10463506141881085,0.16172272233207022,0.20670959997686936,0.05429013484145973,0.07195446956802974,0.172221939441631,0.22125725352396092,0.0,0.05799935981355955,0.14671985532019333,0.20602736507122535,0.05669310124009412,0.10954300117456686,0.17654512288418303,0.2449211775782253,0.2911943506632334,0.288411027988144,0.2625176964400529,0.2724021496830866,0.3114493660844828,0.13243711187986493,0.10831725436893823,0.1436912412433383,0.18439429522682896,0.09405076029051673,0.05764466705407551,0.1442039852934237,0.19265181760491384,0.05799935981355955,0.0,0.10965567987732316,0.1742438254553925,0.054445650570182795,0.11679426930602824,0.18823988022793833,0.26024416213485424,0.19260959380166043,0.18746453054865625,0.18225291462373275,0.2185133308015932,0.27049904998261476,0.16951986309099887,0.1295828771213871,0.0825536030462811,0.09573508430550239,0.16646077566508147,0.09324606841432678,0.0488169433110407,0.08841575086863658,0.14671985532019333,0.10965567987732316,0.0,0.0650872974950286,0.12725000540362724,0.22227342904517913,0.29450701060780954,0.3671147333193409,0.13731022843364596,0.12827199625216107,0.1457977955755348,0.20192938649748693,0.259425917618861,0.21073234841762148,0.17200305234178787,0.09421536787279218,0.06980408779115745,0.22002090984675385,0.14957046899342955,0.04814537950989167,0.037416352227165835,0.20602736507122535,0.1742438254553925,0.0650872974950286,0.0,0.18666261581177143,0.2863826714896662,0.35882024596210627,0.4314671958202253,0.2843241006489555,0.2952125570970443,0.28142870587076035,0.29977952037096844,0.34250724808719457,0.1555568977643201,0.14070012546217528,0.17015755157728213,0.20646232099610312,0.10929161078370167,0.09148896674505033,0.1644702793111134,0.21035039324273766,0.05669310124009412,0.054445650570182795,0.12725000540362724,0.18666261581177143,0.0,0.10963539640896211,0.18110337160690762,0.25235197944010296,0.3931680094625444,0.4004783565257034,0.3756109519540617,0.3785413597698454,0.41073566312307147,0.20484350045215569,0.20187076202594878,0.25814969621509604,0.30059477820716457,0.14644137725174414,0.16547402207707804,0.26017012563821035,0.30809181336007085,0.10954300117456686,0.11679426930602824,0.22227342904517913,0.2863826714896662,0.10963539640896211,0.0,0.07279855665420248,0.14525129843563228,0.46491073933372573,0.4731189184953423,0.4455911875870952,0.4432529110145423,0.4708547541036426,0.2620993152217065,0.2652517678628286,0.328231270277244,0.371956889542486,0.20442240121418817,0.23469825954926374,0.33226539683378803,0.38034698673614925,0.17654512288418303,0.18823988022793833,0.29450701060780954,0.35882024596210627,0.18110337160690762,0.07279855665420248,0.0,0.07266793322696533,0.5361039545300924,0.5449348979712911,0.5150765042329669,0.5085559883199129,0.5323664141677439,0.32308439830123725,0.33094163353587086,0.39849244878130946,0.44325787125248767,0.2671350805070563,0.3046452838020325,0.4043447859723438,0.45267282852979634,0.2449211775782253,0.26024416213485424,0.3671147333193409,0.4314671958202253,0.25235197944010296,0.14525129843563228,0.07266793322696533,0.0,Y
0.0,0.08527226234255378,0.17417863414669477,0.250460809906487,0.30575563202919664,0.29435582678376104,0.28555669554557656,0.21078747188012295,0.16340052735150526,0.29936668593301957,0.27029711719772226,0.1773685082780518,0.13408475100576522,0.28907104156268854,0.28390310023474474,0.18557777639253764,0.12812877917820728,0.2704949463644804,0.38073974513429776,0.4521921902871575,0.5249769690707679,0.08527226234255378,0.0,0.09487631591273038,0.17276866128737584,0.22601672695779704,0.260326110281718,0.25140171220980995,0.17284935280636343,0.1190766459723944,0.2802259314560477,0.2512379164515507,0.1524821622701624,0.10130801826695701,0.28379891160168463,0.2787737988438506,0.17918494991872053,0.11830536921243744,0.2792998204040867,0.38524905391503683,0.4574179555872667,0.5304875635073465,0.17417863414669477,0.09487631591273038,0.0,0.07790726077683768,0.131854275688875,0.20539302579232246,0.19831973316495483,0.13035286250699532,0.09147411202637563,0.24110529927593544,0.21756622225525787,0.13794449386475666,0.1102705427496989,0.26085400817735827,0.25923593153563834,0.17920240445587607,0.14138847686222383,0.2735205585085624,0.36684402594297083,0.4361260314902185,0.5066047905324289,0.250460809906487,0.17276866128737584,0.07790726077683768,0.0,0.05649833797519779,0.1857525908021126,0.18154935804979605,0.14016298288756912,0.12980815842898918,0.23371174970289407,0.21792763360890852,0.16941489021184422,0.1639427259328234,0.26634378814613413,0.2675099457624003,0.21253072002780707,0.19503325156506965,0.2920229411458464,0.36891280563232043,0.43287777260035354,0.4990473907191316,0.30575563202919664,0.22601672695779704,0.131854275688875,0.05649833797519779,0.0,0.21131662056888256,0.2093941809413365,0.18488465567891244,0.18302205249602269,0.26394685887584207,0.25317452933193135,0.2190659130811296,0.21761015381090534,0.3024007818917394,0.30462692927439916,0.26124764540265677,0.24876987500312325,0.33367824090792947,0.4002043237340237,0.45983210175772127,0.5223420332557629,0.29435582678376104,0.260326110281718,0.20539302579232246,0.1857525908021126,0.21131662056888256,0.0,0.026161626850733224,0.09671751762749133,0.15083055222657607,0.056095940802366316,0.07298918303917921,0.14038229548373024,0.19344436357474137,0.10399950256339803,0.1235229549930274,0.15526568817378167,0.19848596669291316,0.15002764121120632,0.19784643865554918,0.25563763755824637,0.3184753341050951,0.28555669554557656,0.25140171220980995,0.19831973316495483,0.18154935804979605,0.2093941809413365,0.026161626850733224,0.0,0.08120050057552525,0.1370082711758791,0.05678479646293768,0.056003834341721924,0.12252738254122807,0.17724908047354287,0.09856666553226712,0.10873032911219328,0.13649302175683098,0.1819362107385483,0.14118029891426553,0.1921870388311429,0.25270287094521854,0.317886900017383,0.21078747188012295,0.17284935280636343,0.13035286250699532,0.14016298288756912,0.18488465567891244,0.09671751762749133,0.08120050057552525,0.0,0.05598087981016968,0.11750758195762283,0.08754623882726309,0.05110196130396134,0.09737472658160641,0.1345005236052106,0.1309993784327638,0.0846736325191829,0.10727596607264375,0.15318818520676167,0.23756115239170084,0.30625328192463297,0.37685066246742976,0.16340052735150526,0.1190766459723944,0.09147411202637563,0.12980815842898918,0.18302205249602269,0.15083055222657607,0.1370082711758791,0.05598087981016968,0.0,0.17045050507007112,0.13782301893950455,0.04653771270898124,0.048616560335174266,0.17973559896226549,0.1721435510450296,0.08841925776763344,0.07017412788945736,0.18649582595698364,0.28153892921676493,0.35234063327143567,0.4245465523902872,0.29936668593301957,0.2802259314560477,0.24110529927593544,0.23371174970289407,0.26394685887584207,0.056095940802366316,0.05678479646293768,0.11750758195762283,0.17045050507007112,0.0,0.04722470203321674,0.14547702752530048,0.20453055250180116,0.05098719473712311,0.07910043920116011,0.14405468018425308,0.20020943436198532,0.10155628125497207,0.1438546389558677,0.20462203641264234,0.27045722737431277,0.27029711719772226,0.2512379164515507,0.21756622225525787,0.21792763360890852,0.25317452933193135,0.07298918303917921,0.056003834341721924,0.08754623882726309,0.13782301893950455,0.04722470203321674,0.0,0.10604504947003848,0.16641420878727148,0.05522978137292767,0.054268922458549,0.10161172171809178,0.16084007601200612,0.08880748133431049,0.1517123424013224,0.21903756442458538,0.28930859777246704,0.1773685082780518,0.1524821622701624,0.13794449386475666,0.16941489021184422,0.2190659130811296,0.14038229548373024,0.12252738254122807,0.05110196130396134,0.04653771270898124,0.14547702752530048,0.10604504947003848,0.0,0.06043931598382133,0.14499743423581118,0.13100833210065804,0.04334211565658493,0.05987707099773195,0.145866686430181,0.24085429668739966,0.312288023958827,0.3853570462612845,0.13408475100576522,0.10130801826695701,0.1102705427496989,0.1639427259328234,0.21761015381090534,0.19344436357474137,0.17724908047354287,0.09737472658160641,0.048616560335174266,0.20453055250180116,0.16641420878727148,0.06043931598382133,0.0,0.2037264179487411,0.18890328210498666,0.08615217451820255,0.033926944340497873,0.19869775838559134,0.297838461596205,0.36967925817527975,0.4432197017796909,0.28907104156268854,0.28379891160168463,0.26085400817735827,0.26634378814613413,0.3024007818917394,0.10399950256339803,0.09856666553226712,0.1345005236052106,0.17973559896226549,0.05098719473712311,0.05522978137292767,0.14499743423581118,0.2037264179487411,0.0,0.044935858614037566,0.12875040188665077,0.1911126426418227,0.052051638287848305,0.1104825381018251,0.17880375372911242,0.24945418440159525,0.28390310023474474,0.2787737988438506,0.25923593153563834,0.2675099457624003,0.30462692927439916,0.1235229549930274,0.10873032911219328,0.1309993784327638,0.1721435510450296,0.07910043920116011,0.054268922458549,0.13100833210065804,0.18890328210498666,0.044935858614037566,0.0,0.10753353102260362,0.17441112336661718,0.051449491450893406,0.11024216586784111,0.18130417137419844,0.25448688174961553,0.18557777639253764,0.17918494991872053,0.17920240445587607,0.21253072002780707,0.26124764540265677,0.15526568817378167,0.13649302175683098,0.0846736325191829,0.08841925776763344,0.14405468018425308,0.10161172171809178,0.04334211565658493,0.08615217451820255,0.12875040188665077,0.10753353102260362,0.0,0.06727266940271878,0.11634018529457792,0.2137366336466858,0.28569149825614665,0.35956800107388454,0.12812877917820728,0.11830536921243744,0.14138847686222383,0.19503325156506965,0.24876987500312325,0.19848596669291316,0.1819362107385483,0.10727596607264375,0.07017412788945736,0.20020943436198532,0.16084007601200612,0.05987707099773195,0.033926944340497873,0.1911126426418227,0.17441112336661718,0.06727266940271878,0.0,0.1782366094211583,0.28023492577279546,0.3523604300454226,0.4262978538886334,0.2704949463644804,0.2792998204040867,0.2735205585085624,0.2920229411458464,0.33367824090792947,0.15002764121120632,0.14118029891426553,0.15318818520676167,0.18649582595698364,0.10155628125497207,0.08880748133431049,0.145866686430181,0.19869775838559134,0.052051638287848305,0.051449491450893406,0.11634018529457792,0.1782366094211583,0.0,0.11081708373071729,0.18202788377552587,0.2548539603397704,0.38073974513429776,0.38524905391503683,0.36684402594297083,0.36891280563232043,0.4002043237340237,0.19784643865554918,0.1921870388311429,0.23756115239170084,0.28153892921676493,0.1438546389558677,0.1517123424013224,0.24085429668739966,0.297838461596205,0.1104825381018251,0.11024216586784111,0.2137366336466858,0.28023492577279546,0.11081708373071729,0.0,0.0724019122974345,0.14620125836274664,0.4521921902871575,0.4574179555872667,0.4361260314902185,0.43287777260035354,0.45983210175772127,0.25563763755824637,0.25270287094521854,0.30625328192463297,0.35234063327143567,0.20462203641264234,0.21903756442458538,0.312288023958827,0.36967925817527975,0.17880375372911242,0.18130417137419844,0.28569149825614665,0.3523604300454226,0.18202788377552587,0.0724019122974345,0.0,0.0739932196643743,0.5249769690707679,0.5304875635073465,0.5066047905324289,0.4990473907191316,0.5223420332557629,0.3184753341050951,0.317886900017383,0.37685066246742976,0.4245465523902872,0.27045722737431277,0.28930859777246704,0.3853570462612845,0.4432197017796909,0.24945418440159525,0.25448688174961553,0.35956800107388454,0.4262978538886334,0.2548539603397704,0.14620125836274664,0.0739932196643743,0.0,Y
0.0,0.0844948689674772,0.17296187637198762,0.24837538268810072,0.30217070058654766,0.28289364968233727,0.2976693369235882,0.2233878707562673,0.17232347367781775,0.2851834830290509,0.28199519599168293,0.18757005728030568,0.13782333988946438,0.2782255869272135,0.29348827561267604,0.19576093014106766,0.1349468274135088,0.2672821201165631,0.3811216517108968,0.45022493977294853,0.5196324452579603,0.0844948689674772,0.0,0.09409306293836298,0.17057461913716296,0.22187404803779773,0.24704262010199143,0.26127178960707664,0.1827068184874541,0.126039764527526,0.26404628339397246,0.25974174996143834,0.16015426459474738,0.10433305445962282,0.2710920335827378,0.28497150771270613,0.18660488591598298,0.12435468373139737,0.27387224259555626,0.3831660867069052,0.4527307278149606,0.5222962320807599,0.17296187637198762,0.09409306293836298,0.0,0.07657195968026083,0.12925434937917568,0.19184692410949486,0.20450933899128865,0.1335645890034129,0.09088040344305225,0.22463516408518241,0.22070666439398215,0.13777145158444387,0.10719313398609237,0.24751744554919616,0.2600152712206707,0.17936850637453086,0.13994485433980489,0.2660664254314902,0.3617559166381248,0.42831856056379164,0.4953710885429407,0.24837538268810072,0.17057461913716296,0.07657195968026083,0.0,0.056126517780095274,0.1762724419271868,0.1846352093846286,0.13619619596355506,0.12307452709171852,0.22101456937519046,0.21719382483281816,0.16349848466605524,0.15765702320419178,0.25563493166062706,0.2650143870117306,0.20794575946233904,0.1895985711064754,0.28515204601789146,0.3633841481772707,0.42469056465928945,0.4876608935619544,0.30217070058654766,0.22187404803779773,0.12925434937917568,0.056126517780095274,0.0,0.20762806841262335,0.2126299591669551,0.17965723013484164,0.17529109149833877,0.2564415788303521,0.25255583827777495,0.21239310363569988,0.21032947058940904,0.2955644026468206,0.30256853986296317,0.2561258617436669,0.24263943548729008,0.3290754762176517,0.3969652200137627,0.4541942113967238,0.5138267036564005,0.28289364968233727,0.24704262010199143,0.19184692410949486,0.1762724419271868,0.20762806841262335,0.0,0.03032219037356822,0.07979395876389196,0.13622040386985462,0.053280204281988985,0.06715303569499888,0.12170253552773952,0.17855471458969144,0.10112060223239495,0.11962872313965962,0.13780534328633035,0.17864753935088717,0.14610094010139762,0.1997559462876732,0.2567025552347334,0.3174136612034743,0.2976693369235882,0.26127178960707664,0.20450933899128865,0.1846352093846286,0.2126299591669551,0.03032219037356822,0.0,0.08263721387331806,0.14266111188298988,0.054603891087735446,0.054619756197001566,0.1236435008327655,0.1837867883731088,0.09966301437777644,0.10742451616958466,0.13671765543037143,0.18363016262106882,0.14464870344234043,0.18752595190368018,0.2432431666606727,0.3038916709131457,0.2233878707562673,0.1827068184874541,0.1335645890034129,0.13619619596355506,0.17965723013484164,0.07979395876389196,0.08263721387331806,0.0,0.06019307371273385,0.09991885273120442,0.0884007939058725,0.051172238788098595,0.10254119027425872,0.1237038371301247,0.13051428601042872,0.08544643626909579,0.1091587903058965,0.15065035510917296,0.23179878996577852,0.29685973838825575,0.36352028971397526,0.17232347367781775,0.126039764527526,0.09088040344305225,0.12307452709171852,0.17529109149833877,0.13622040386985462,0.14266111188298988,0.06019307371273385,0.0,0.1535624090505992,0.14215931892102376,0.04725300843516649,0.04845090292029799,0.16728258105790544,0.17405841728665528,0.09000664812110064,0.07005114066745806,0.18165319695968513,0.27712820533327787,0.34495648902930676,0.41359595243636715,0.2851834830290509,0.26404628339397246,0.22463516408518241,0.22101456937519046,0.2564415788303521,0.053280204281988985,0.054603891087735446,0.09991885273120442,0.1535624090505992,0.0,0.03495778855030329,0.1233667415305684,0.18639900537899304,0.04966896833909146,0.07328062389687183,0.12107357004049969,0.1758655461469438,0.09724761826446576,0.1498533836557755,0.21036016990784664,0.27416082680090875,0.28199519599168293,0.25974174996143834,0.22070666439398215,0.21719382483281816,0.25255583827777495,0.06715303569499888,0.054619756197001566,0.0884007939058725,0.14215931892102376,0.03495778855030329,0.0,0.10712807843785829,0.1723555323852457,0.05249135572495174,0.05419498468351377,0.10195869749343922,0.1618033504473926,0.09283930419350685,0.14620486400862318,0.20922059812466587,0.27525408249663436,0.18757005728030568,0.16015426459474738,0.13777145158444387,0.16349848466605524,0.21239310363569988,0.12170253552773952,0.1236435008327655,0.051172238788098595,0.04725300843516649,0.1233667415305684,0.10712807843785829,0.0,0.06529637621683664,0.12744714963295847,0.13039795790860229,0.044532522237299914,0.06111562475884174,0.13748469229755655,0.23315268351038004,0.3017026422841875,0.37114616500566056,0.13782333988946438,0.10433305445962282,0.10719313398609237,0.15765702320419178,0.21032947058940904,0.17855471458969144,0.1837867883731088,0.10254119027425872,0.04845090292029799,0.18639900537899304,0.1723555323852457,0.06529637621683664,0.0,0.1888507356106389,0.19257288623809374,0.0910933332137668,0.03713668053277749,0.19121183661265723,0.2935204601067193,0.3628250039541803,0.43292439715281206,0.2782255869272135,0.2710920335827378,0.24751744554919616,0.25563493166062706,0.2955644026468206,0.10112060223239495,0.09966301437777644,0.1237038371301247,0.16728258105790544,0.04966896833909146,0.05249135572495174,0.12744714963295847,0.1888507356106389,0.0,0.04238639946757402,0.10756052630738497,0.16915088366923087,0.048446777982129804,0.11804053995169718,0.1848322017818949,0.2526906350437557,0.29348827561267604,0.28497150771270613,0.2600152712206707,0.2650143870117306,0.30256853986296317,0.11962872313965962,0.10742451616958466,0.13051428601042872,0.17405841728665528,0.07328062389687183,0.05419498468351377,0.13039795790860229,0.19257288623809374,0.04238639946757402,0.0,0.10563610119611684,0.1729497112428989,0.05689893108138548,0.10362258470920024,0.1713767233455589,0.24082626625619272,0.19576093014106766,0.18660488591598298,0.17936850637453086,0.20794575946233904,0.2561258617436669,0.13780534328633035,0.13671765543037143,0.08544643626909579,0.09000664812110064,0.12107357004049969,0.10195869749343922,0.044532522237299914,0.0910933332137668,0.10756052630738497,0.10563610119611684,0.0,0.0677803935068406,0.10380531831143078,0.2035748722990209,0.2730722700851375,0.3435044057784433,0.1349468274135088,0.12435468373139737,0.13994485433980489,0.1895985711064754,0.24263943548729008,0.17864753935088717,0.18363016262106882,0.1091587903058965,0.07005114066745806,0.1758655461469438,0.1618033504473926,0.06111562475884174,0.03713668053277749,0.16915088366923087,0.1729497112428989,0.0677803935068406,0.0,0.16385639367587346,0.2698971327256089,0.33967250142652544,0.4102027119122466,0.2672821201165631,0.27387224259555626,0.2660664254314902,0.28515204601789146,0.3290754762176517,0.14610094010139762,0.14464870344234043,0.15065035510917296,0.18165319695968513,0.09724761826446576,0.09283930419350685,0.13748469229755655,0.19121183661265723,0.048446777982129804,0.05689893108138548,0.10380531831143078,0.16385639367587346,0.0,0.11412427574879819,0.18305637934171617,0.25262947816445497,0.3811216517108968,0.3831660867069052,0.3617559166381248,0.3633841481772707,0.3969652200137627,0.1997559462876732,0.18752595190368018,0.23179878996577852,0.27712820533327787,0.1498533836557755,0.14620486400862318,0.23315268351038004,0.2935204601067193,0.11804053995169718,0.10362258470920024,0.2035748722990209,0.2698971327256089,0.11412427574879819,0.0,0.06994651578495899,0.1404129697720492,0.45022493977294853,0.4527307278149606,0.42831856056379164,0.42469056465928945,0.4541942113967238,0.2567025552347334,0.2432431666606727,0.29685973838825575,0.34495648902930676,0.21036016990784664,0.20922059812466587,0.3017026422841875,0.3628250039541803,0.1848322017818949,0.1713767233455589,0.2730722700851375,0.33967250142652544,0.18305637934171617,0.06994651578495899,0.0,0.07064027016603389,0.5196324452579603,0.5222962320807599,0.4953710885429407,0.4876608935619544,0.5138267036564005,0.3174136612034743,0.3038916709131457,0.36352028971397526,0.41359595243636715,0.27416082680090875,0.27525408249663436,0.37114616500566056,0.43292439715281206,0.2526906350437557,0.24082626625619272,0.3435044057784433,0.4102027119122466,0.25262947816445497,0.1404129697720492,0.07064027016603389,0.0,Y
0.0,0.08360616728731636,0.17140771446013042,0.24738407162473894,0.30141430572148636,0.2743279929935776,0.29995218219878955,0.22326304410672268,0.1728730279042242,0.27704105683356584,0.29182761565038035,0.19398673450839266,0.14227519262013952,0.2725446387544727,0.3003750632605826,0.19969641280211659,0.13617441078728196,0.2642232698307913,0.37967530902473545,0.4496072856340293,0.5206599689066421,0.08360616728731636,0.0,0.09339202015932029,0.17053771627635592,0.2221575614201986,0.23718092363374144,0.2627065050106046,0.18135344218163,0.12533474273121975,0.2546705274176877,0.26798065830697876,0.1649458205210093,0.10740260114104794,0.26397133319212823,0.28983801983595237,0.18844501150046417,0.12330232580771253,0.26899565903420924,0.37986876675368947,0.4502858169635794,0.5213901531691332,0.17140771446013042,0.09339202015932029,0.0,0.0772337666799113,0.13007295925632176,0.1811660362675624,0.20449033312579704,0.13036447878205892,0.08812357319916758,0.21455437749559847,0.22578658951025832,0.13803108282496931,0.10470251957849323,0.23929031713062587,0.26177756292245835,0.1776261592422382,0.13577226234314854,0.259495130819007,0.3565322730849633,0.4239913197180325,0.492461112712196,0.24738407162473894,0.17053771627635592,0.0772337666799113,0.0,0.05612491749069025,0.16524644230720137,0.1816046677309731,0.13085398842158208,0.11935820455007,0.21059883865697693,0.21753256758968917,0.1594472054509859,0.15285984582199152,0.2465915594614262,0.2630617029414733,0.2034432428998625,0.18461456975990126,0.2773031924058367,0.35593427937701144,0.4179705255613054,0.4821114866195397,0.30141430572148636,0.2221575614201986,0.13007295925632176,0.05612491749069025,0.0,0.19694835001202995,0.20753063023652915,0.1736437217787365,0.17125028932079553,0.24598831230314053,0.24992559278969878,0.2070633564583358,0.20537808880826802,0.2860500284752602,0.2984241964468213,0.2506697636360145,0.23758194176773492,0.3204893150954303,0.3879796109882795,0.44566774158627726,0.5061802456578476,0.2743279929935776,0.23718092363374144,0.1811660362675624,0.16524644230720137,0.19694835001202995,0.0,0.038153532802567905,0.07498517174078453,0.13029914479759527,0.05290342489476582,0.0716539956271024,0.10996193716388608,0.1656324539836634,0.10001451676008793,0.12264647910955565,0.12948424594447153,0.16869665644949403,0.14377636391429702,0.20244879042047606,0.2614811393367253,0.32411719214298407,0.29995218219878955,0.2627065050106046,0.20449033312579704,0.1816046677309731,0.20753063023652915,0.038153532802567905,0.0,0.08603227169526251,0.14619421208087088,0.05576708803930133,0.05291600071766366,0.11942265129384307,0.18042975862423075,0.09905458285048685,0.1064310869030344,0.13429342153490037,0.18308358304898653,0.14332637659631095,0.1839301236686383,0.2400060373673672,0.30157282955807596,0.22326304410672268,0.18135344218163,0.13036447878205892,0.13085398842158208,0.1736437217787365,0.07498517174078453,0.08603227169526251,0.0,0.0603109916040953,0.0952457461351378,0.09704226217006726,0.04593461926578958,0.09604825404328321,0.12065206469667338,0.13494185133586728,0.08315474709497814,0.10588998483177332,0.1485405021563453,0.2301861884376402,0.29605131721076106,0.3640716477069298,0.1728730279042242,0.12533474273121975,0.08812357319916758,0.11935820455007,0.17125028932079553,0.13029914479759527,0.14619421208087088,0.0603109916040953,0.0,0.14806072653282415,0.15208764918953674,0.05118950422661912,0.04273866471267686,0.16368674516732323,0.18011320626449728,0.09140978619570764,0.06771453398466039,0.1795949113935374,0.2757899409714231,0.34435846658072927,0.41441574075814663,0.27704105683356584,0.2546705274176877,0.21455437749559847,0.21059883865697693,0.24598831230314053,0.05290342489476582,0.05576708803930133,0.0952457461351378,0.14806072653282415,0.0,0.03787559613214629,0.11096268003956346,0.17373247460039953,0.048616443608532164,0.07619828081747959,0.11108811653807864,0.166009325786034,0.09467517205363292,0.15340050534149222,0.21585962114032436,0.2814861523784971,0.29182761565038035,0.26798065830697876,0.22578658951025832,0.21753256758968917,0.24992559278969878,0.0716539956271024,0.05291600071766366,0.09704226217006726,0.15208764918953674,0.03787559613214629,0.0,0.11026006965496135,0.17633192182460886,0.05486393209553057,0.05376591011345471,0.10676694172716177,0.16921061712602997,0.09513302391196456,0.13875374779400712,0.2011184861819171,0.2677139975047124,0.19398673450839266,0.1649458205210093,0.13803108282496931,0.1594472054509859,0.2070633564583358,0.10996193716388608,0.11942265129384307,0.04593461926578958,0.05118950422661912,0.11096268003956346,0.11026006965496135,0.0,0.06615306670618668,0.11780018111753875,0.13081478885001177,0.04400578310105214,0.0650835330447198,0.13113256076370539,0.22600712838678516,0.29506950612985244,0.36576874224996786,0.14227519262013952,0.10740260114104794,0.10470251957849323,0.15285984582199152,0.20537808880826802,0.1656324539836634,0.18042975862423075,0.09604825404328321,0.04273866471267686,0.17373247460039953,0.17633192182460886,0.06615306670618668,0.0,0.17868178982360272,0.19374810074142074,0.08991398440702757,0.03594950549047625,0.1838130292977919,0.28672252729358993,0.35666017040364917,0.42813870001117016,0.2725446387544727,0.26397133319212823,0.23929031713062587,0.2465915594614262,0.2860500284752602,0.10001451676008793,0.09905458285048685,0.12065206469667338,0.16368674516732323,0.048616443608532164,0.05486393209553057,0.11780018111753875,0.17868178982360272,0.0,0.04776605257979159,0.0989738367836881,0.16168430401179584,0.04689807893876858,0.12158313025281092,0.1895499941903056,0.25895271330607617,0.3003750632605826,0.28983801983595237,0.26177756292245835,0.2630617029414733,0.2984241964468213,0.12264647910955565,0.1064310869030344,0.13494185133586728,0.18011320626449728,0.07619828081747959,0.05376591011345471,0.13081478885001177,0.19374810074142074,0.04776605257979159,0.0,0.1081592921264129,0.17783847589522123,0.061740387404668653,0.0964638046021587,0.16437607387442996,0.23498639585236247,0.19969641280211659,0.18844501150046417,0.1776261592422382,0.2034432428998625,0.2506697636360145,0.12948424594447153,0.13429342153490037,0.08315474709497814,0.09140978619570764,0.11108811653807864,0.10676694172716177,0.04400578310105214,0.08991398440702757,0.0989738367836881,0.1081592921264129,0.0,0.07017513640892968,0.09793260867367494,0.1978823419483948,0.2680378413914814,0.33990015154198194,0.13617441078728196,0.12330232580771253,0.13577226234314854,0.18461456975990126,0.23758194176773492,0.16869665644949403,0.18308358304898653,0.10588998483177332,0.06771453398466039,0.166009325786034,0.16921061712602997,0.0650835330447198,0.03594950549047625,0.16168430401179584,0.17783847589522123,0.07017513640892968,0.0,0.15908778884772912,0.26642907295987883,0.33692211217923346,0.408929676003125,0.2642232698307913,0.26899565903420924,0.259495130819007,0.2773031924058367,0.3204893150954303,0.14377636391429702,0.14332637659631095,0.1485405021563453,0.1795949113935374,0.09467517205363292,0.09513302391196456,0.13113256076370539,0.1838130292977919,0.04689807893876858,0.061740387404668653,0.09793260867367494,0.15908778884772912,0.0,0.1157939969811219,0.18555073924049556,0.2566739497853013,0.37967530902473545,0.37986876675368947,0.3565322730849633,0.35593427937701144,0.3879796109882795,0.20244879042047606,0.1839301236686383,0.2301861884376402,0.2757899409714231,0.15340050534149222,0.13875374779400712,0.22600712838678516,0.28672252729358993,0.12158313025281092,0.0964638046021587,0.1978823419483948,0.26642907295987883,0.1157939969811219,0.0,0.07071588695535883,0.14266533221946465,0.4496072856340293,0.4502858169635794,0.4239913197180325,0.4179705255613054,0.44566774158627726,0.2614811393367253,0.2400060373673672,0.29605131721076106,0.34435846658072927,0.21585962114032436,0.2011184861819171,0.29506950612985244,0.35666017040364917,0.1895499941903056,0.16437607387442996,0.2680378413914814,0.33692211217923346,0.18555073924049556,0.07071588695535883,0.0,0.0721548748679317,0.5206599689066421,0.5213901531691332,0.492461112712196,0.4821114866195397,0.5061802456578476,0.32411719214298407,0.30157282955807596,0.3640716477069298,0.41441574075814663,0.2814861523784971,0.2677139975047124,0.36576874224996786,0.42813870001117016,0.25895271330607617,0.23498639585236247,0.33990015154198194,0.408929676003125,0.2566739497853013,0.14266533221946465,0.0721548748679317,0.0,Y
