0.0,0.03319665637924278,0.06588052547573137,0.08242706079645072,0.09702177303919723,0.11206007148923175,0.17331050296562553,0.22019727587830812,0.25484665775192716,0.10988189736172076,0.11241276803920922,0.11663601963904766,0.12406569988283309,0.09595917986257403,0.06880754696916346,0.06016327703859478,0.05284646371845413,0.07912753031857689,0.061371928153408625,0.05327867138721478,0.04670628749700726,0.03319665637924278,0.0,0.0331243490179293,0.05003058025839006,0.06525394707359956,0.08855968240048019,0.15342703124881524,0.20110417080370913,0.23610814655036516,0.09094297733181178,0.08702004124498564,0.08780106644551994,0.09389170222441615,0.08239285350953242,0.048878286988236555,0.043493685700083606,0.036934422289056246,0.07392373498079984,0.055467413110726664,0.05053021879827965,0.044628429569745054,0.06588052547573137,0.0331243490179293,0.0,0.0185071641718382,0.0341869522785211,0.06722211958121434,0.13270653791330378,0.18002292270410578,0.21483247303617206,0.07491531886337696,0.062149704906131906,0.058537243686286114,0.06353656675708017,0.07366630846645254,0.042901340792337234,0.04722235105359793,0.044519261676343916,0.07578354611875754,0.06353295856701192,0.06413694134501798,0.059812839800074596,0.08242706079645072,0.05003058025839006,0.0185071641718382,0.0,0.015890485592255223,0.06707270645518741,0.1294618872657025,0.1755659003739041,0.20982604217509837,0.07667243056675234,0.055273049606633665,0.04471814421485565,0.046344405285022636,0.07795075039509841,0.04296023458873455,0.05020301816474556,0.05025408640962435,0.08234070976258893,0.06820506609976888,0.07050735304437471,0.068172187221196,0.09702177303919723,0.06525394707359956,0.0341869522785211,0.015890485592255223,0.0,0.06795641565118869,0.1255865500775844,0.17011344136599724,0.2036777949239699,0.07834628085778145,0.05045224708469675,0.033286905238730076,0.031058868559748938,0.08153166809942035,0.04785157961555515,0.05778315413730923,0.05949528105415792,0.08790498495265195,0.074586888293885,0.07860666706116169,0.07737054722818365,0.11206007148923175,0.08855968240048019,0.06722211958121434,0.06707270645518741,0.06795641565118869,0.0,0.0665970190772114,0.11439682235338271,0.14942400278389403,0.02023044540812453,0.033375211951918636,0.05454698044735506,0.07119081156917421,0.04246359892337177,0.08466702641836432,0.10214494192260433,0.09931389309222276,0.07228932458082592,0.10152129631268576,0.11053905508017012,0.10263814121763579,0.17331050296562553,0.15342703124881524,0.13270653791330378,0.1294618872657025,0.1255865500775844,0.0665970190772114,0.0,0.047922080455848066,0.08300452161099856,0.06354604748543738,0.07875450970275806,0.09927791318045015,0.11443940312872235,0.08206230672496675,0.14101505222374536,0.1615419947332282,0.1594862464735354,0.11326764844684377,0.15458178175708462,0.1666843507349635,0.15890821258243887,0.22019727587830812,0.20110417080370913,0.18002292270410578,0.1755659003739041,0.17011344136599724,0.11439682235338271,0.047922080455848066,0.0,0.03508493809076802,0.11072999806225009,0.12336152432200001,0.1413142526972867,0.15456778209374664,0.1266490618431963,0.18578209837620974,0.20697683596393454,0.2053476695501874,0.15552782236556348,0.19838745094861795,0.211341572557466,0.20389697917100585,0.25484665775192716,0.23610814655036516,0.21483247303617206,0.20982604217509837,0.2036777949239699,0.14942400278389403,0.08300452161099856,0.03508493809076802,0.0,0.145632132429803,0.1573009229724688,0.17404352805458412,0.18629055080518603,0.16063931756428593,0.21950014676516327,0.2409380498170263,0.23952157998881599,0.1883749461625543,0.23164210245583577,0.24495284772796103,0.23769404119499343,0.10988189736172076,0.09094297733181178,0.07491531886337696,0.07667243056675234,0.07834628085778145,0.02023044540812453,0.06354604748543738,0.11072999806225009,0.145632132429803,0.0,0.03691639540103549,0.06247537174429361,0.08076152315305885,0.025269501754968414,0.08392731819043944,0.10275920946938398,0.09942435748350112,0.058008160805850605,0.09621378041008714,0.10671361981960982,0.09800334463146015,0.11241276803920922,0.08702004124498564,0.062149704906131906,0.055273049606633665,0.05045224708469675,0.033375211951918636,0.07875450970275806,0.12336152432200001,0.1573009229724688,0.03691639540103549,0.0,0.026333336290621,0.0449328134554943,0.045191838064017595,0.06518018530214982,0.08540615535965515,0.08472439007993769,0.06545757905870112,0.08436443988883585,0.0952051740245752,0.08976422946313718,0.11663601963904766,0.08780106644551994,0.058537243686286114,0.04471814421485565,0.033286905238730076,0.05454698044735506,0.09927791318045015,0.1413142526972867,0.17404352805458412,0.06247537174429361,0.026333336290621,0.0,0.018650939246660315,0.06871438391071472,0.06014067684731107,0.07797984222495295,0.07947758344174735,0.08171474449480512,0.08399930061661211,0.09311858318083541,0.09055606018150968,0.12406569988283309,0.09389170222441615,0.06353656675708017,0.046344405285022636,0.031058868559748938,0.07119081156917421,0.11443940312872235,0.15456778209374664,0.18629055080518603,0.08076152315305885,0.0449328134554943,0.018650939246660315,0.0,0.08677365341217502,0.06484737006067161,0.07936516011335215,0.08235398444250971,0.09696350343587426,0.09019368821744922,0.09765650816724342,0.09708493892783343,0.09595917986257403,0.08239285350953242,0.07366630846645254,0.07795075039509841,0.08153166809942035,0.04246359892337177,0.08206230672496675,0.1266490618431963,0.16063931756428593,0.025269501754968414,0.045191838064017595,0.06871438391071472,0.08677365341217502,0.0,0.07206732311538495,0.09086942475054328,0.08697761032977847,0.03335290913718622,0.07821348880277125,0.08962254269073248,0.08033710662890267,0.06880754696916346,0.048878286988236555,0.042901340792337234,0.04296023458873455,0.04785157961555515,0.08466702641836432,0.14101505222374536,0.18578209837620974,0.21950014676516327,0.08392731819043944,0.06518018530214982,0.06014067684731107,0.06484737006067161,0.07206732311538495,0.0,0.022118769459337127,0.02285723212805953,0.0590107966230108,0.026855567158010452,0.03314019180920615,0.03260278802431429,0.06016327703859478,0.043493685700083606,0.04722235105359793,0.05020301816474556,0.05778315413730923,0.10214494192260433,0.1615419947332282,0.20697683596393454,0.2409380498170263,0.10275920946938398,0.08540615535965515,0.07797984222495295,0.07936516011335215,0.09086942475054328,0.022118769459337127,0.0,0.007756882629147293,0.07508361896994209,0.02995963554734301,0.0248840627851796,0.02939470084219857,0.05284646371845413,0.036934422289056246,0.044519261676343916,0.05025408640962435,0.05949528105415792,0.09931389309222276,0.1594862464735354,0.2053476695501874,0.23952157998881599,0.09942435748350112,0.08472439007993769,0.07947758344174735,0.08235398444250971,0.08697761032977847,0.02285723212805953,0.007756882629147293,0.0,0.07078643878395188,0.028108271917721528,0.022332761956069508,0.024336264715792873,0.07912753031857689,0.07392373498079984,0.07578354611875754,0.08234070976258893,0.08790498495265195,0.07228932458082592,0.11326764844684377,0.15552782236556348,0.1883749461625543,0.058008160805850605,0.06545757905870112,0.08171474449480512,0.09696350343587426,0.03335290913718622,0.0590107966230108,0.07508361896994209,0.07078643878395188,0.0,0.05392814489190129,0.06582467880763233,0.05648350624559277,0.061371928153408625,0.055467413110726664,0.06353295856701192,0.06820506609976888,0.074586888293885,0.10152129631268576,0.15458178175708462,0.19838745094861795,0.23164210245583577,0.09621378041008714,0.08436443988883585,0.08399930061661211,0.09019368821744922,0.07821348880277125,0.026855567158010452,0.02995963554734301,0.028108271917721528,0.05392814489190129,0.0,0.015092083991171953,0.014819488905364667,0.05327867138721478,0.05053021879827965,0.06413694134501798,0.07050735304437471,0.07860666706116169,0.11053905508017012,0.1666843507349635,0.211341572557466,0.24495284772796103,0.10671361981960982,0.0952051740245752,0.09311858318083541,0.09765650816724342,0.08962254269073248,0.03314019180920615,0.0248840627851796,0.022332761956069508,0.06582467880763233,0.015092083991171953,0.0,0.011499875495110529,0.04670628749700726,0.044628429569745054,0.059812839800074596,0.068172187221196,0.07737054722818365,0.10263814121763579,0.15890821258243887,0.20389697917100585,0.23769404119499343,0.09800334463146015,0.08976422946313718,0.09055606018150968,0.09708493892783343,0.08033710662890267,0.03260278802431429,0.02939470084219857,0.024336264715792873,0.05648350624559277,0.014819488905364667,0.011499875495110529,0.0,Z
0.0,0.03851768997286514,0.10278545459345903,0.15164703262740256,0.17236583949021617,0.14743697568908906,0.18513212827215128,0.19016105812314782,0.18205784048563475,0.1448635317443983,0.19019924317053438,0.15291352917717904,0.11670678474146783,0.13795542245103506,0.17559771519476486,0.1293151252113392,0.09226305148095709,0.1285400018553255,0.15993199753239537,0.12503035984136832,0.09496992593853963,0.03851768997286514,0.0,0.06882022400209745,0.1207495938837201,0.144107244017547,0.1265124048962001,0.16465582518178964,0.16695691165413992,0.156324987806838,0.12878475188050914,0.17156054921849367,0.13136742164831774,0.09387746313228826,0.12764633725359817,0.15991666602993573,0.11169187700512452,0.07690117920690206,0.1258758312939562,0.14921318685539395,0.1138472533674874,0.08797241975411212,0.10278545459345903,0.06882022400209745,0.0,0.05323479643498869,0.07904474305505974,0.0744693648058357,0.10958630327691743,0.10785503709766979,0.09450213729512416,0.0859683989659945,0.11937297427995248,0.07908645789804909,0.04920364413023604,0.09674530987350813,0.11469335266426568,0.07204506247770254,0.05816002173548416,0.11043957284834238,0.11492163676161547,0.08671832420388188,0.07909723398050193,0.15164703262740256,0.1207495938837201,0.05323479643498869,0.0,0.02778142903278685,0.0484042906228521,0.06887576713667691,0.06199321411572401,0.04645713387974011,0.06735741940247411,0.08070186237864309,0.04948922293854266,0.05069286404202345,0.0874998684904111,0.08485080560732777,0.06312779480287975,0.0782203643578421,0.11155802934483579,0.09704901622742299,0.08456533372233574,0.09570765673620273,0.17236583949021617,0.144107244017547,0.07904474305505974,0.02778142903278685,0.0,0.04395642451816734,0.0466972464974147,0.03612954581096553,0.019812338300324642,0.061408570619131235,0.0583387783411048,0.03946244508062219,0.06064893138418344,0.08304701019266662,0.06745823474228418,0.06316643253620573,0.08966482195200777,0.10973793929574416,0.08576275517626034,0.08398445795101407,0.10318493533899442,0.14743697568908906,0.1265124048962001,0.0744693648058357,0.0484042906228521,0.04395642451816734,0.0,0.039934478457695405,0.046560073787835284,0.044926502127262145,0.021075438610030875,0.04937364148076958,0.024501692425593205,0.04239797526687388,0.044263456572451884,0.04835241390851222,0.035723697802984164,0.062257921773970444,0.07183480493283471,0.05701424763108009,0.05141760588191479,0.0707155843550499,0.18513212827215128,0.16465582518178964,0.10958630327691743,0.06887576713667691,0.0466972464974147,0.039934478457695405,0.0,0.016902290418640442,0.03169616209656068,0.04335610851269813,0.014132779981711826,0.03666848701299191,0.07375581654958822,0.0614171925204801,0.03172388999470338,0.06020076823252069,0.09552192146146267,0.08886266431797706,0.05599674360443674,0.07237000816700485,0.10000774872282438,0.19016105812314782,0.16695691165413992,0.10785503709766979,0.06199321411572401,0.03612954581096553,0.046560073787835284,0.016902290418640442,0.0,0.0180304474523663,0.054553903150694014,0.025494738323891066,0.038664498072052404,0.07535441638449589,0.07359276175743253,0.04249437223015042,0.06550652924431433,0.10054185343871758,0.10081607113688283,0.06734564132015058,0.08077770550654344,0.10754844938454855,0.18205784048563475,0.156324987806838,0.09450213729512416,0.04645713387974011,0.019812338300324642,0.044926502127262145,0.03169616209656068,0.0180304474523663,0.0,0.05738364258655292,0.04130770471531037,0.0348603119833514,0.06652901602102468,0.0775789641788777,0.05279962280216987,0.062037231117790165,0.09434053572115521,0.10448105713666132,0.07456639162479982,0.08059852503480827,0.10447278615509187,0.1448635317443983,0.12878475188050914,0.0859683989659945,0.06735741940247411,0.061408570619131235,0.021075438610030875,0.04335610851269813,0.054553903150694014,0.05738364258655292,0.0,0.04712610133053411,0.028792205481325894,0.04543570104917036,0.023811030353213206,0.037627981156150604,0.028640211202270983,0.057494730869417976,0.05228680161875059,0.0385421266378376,0.03606060666775377,0.059587929483099114,0.19019924317053438,0.17156054921849367,0.11937297427995248,0.08070186237864309,0.0583387783411048,0.04937364148076958,0.014132779981711826,0.025494738323891066,0.04130770471531037,0.04712610133053411,0.0,0.04230604005848385,0.07963807902490827,0.060419293424533664,0.023075918507235862,0.06290224985108164,0.09936436596379594,0.08572940413754525,0.04905859300076982,0.07179120446119527,0.10128943183976928,0.15291352917717904,0.13136742164831774,0.07908645789804909,0.04948922293854266,0.03946244508062219,0.024501692425593205,0.03666848701299191,0.038664498072052404,0.0348603119833514,0.028792205481325894,0.04230604005848385,0.0,0.03812705015637484,0.0457638342000485,0.03724496816421245,0.02749379250748116,0.06217082261927019,0.07128095837792126,0.04816144043820666,0.04598041901368773,0.07004648347080315,0.11670678474146783,0.09387746313228826,0.04920364413023604,0.05069286404202345,0.06064893138418344,0.04239797526687388,0.07375581654958822,0.07535441638449589,0.06652901602102468,0.04543570104917036,0.07963807902490827,0.03812705015637484,0.0,0.05277820209482764,0.0693967745030542,0.023578277134914238,0.029768509614147565,0.06834861612549419,0.06683224382609892,0.040446946003097846,0.04613261155476856,0.13795542245103506,0.12764633725359817,0.09674530987350813,0.0874998684904111,0.08304701019266662,0.044263456572451884,0.0614171925204801,0.07359276175743253,0.0775789641788777,0.023811030353213206,0.060419293424533664,0.0457638342000485,0.05277820209482764,0.0,0.042969400547696254,0.031976679437352815,0.05332724132495001,0.0287937299481111,0.027529149241478274,0.0224225770128578,0.046816717721865124,0.17559771519476486,0.15991666602993573,0.11469335266426568,0.08485080560732777,0.06745823474228418,0.04835241390851222,0.03172388999470338,0.04249437223015042,0.05279962280216987,0.037627981156150604,0.023075918507235862,0.03724496816421245,0.0693967745030542,0.042969400547696254,0.0,0.048612948563888085,0.0845253151654429,0.06524857784173757,0.02654180194143427,0.052600899206379906,0.083226414592308,0.1293151252113392,0.11169187700512452,0.07204506247770254,0.06312779480287975,0.06316643253620573,0.035723697802984164,0.06020076823252069,0.06550652924431433,0.062037231117790165,0.028640211202270983,0.06290224985108164,0.02749379250748116,0.023578277134914238,0.031976679437352815,0.048612948563888085,0.0,0.03716299693157245,0.050543194104284726,0.043269979576598845,0.021788972934135058,0.04272971629983932,0.09226305148095709,0.07690117920690206,0.05816002173548416,0.0782203643578421,0.08966482195200777,0.062257921773970444,0.09552192146146267,0.10054185343871758,0.09434053572115521,0.057494730869417976,0.09936436596379594,0.06217082261927019,0.029768509614147565,0.05332724132495001,0.0845253151654429,0.03716299693157245,0.0,0.05622954374040196,0.0724733226334837,0.03729096145687191,0.02119414545184771,0.1285400018553255,0.1258758312939562,0.11043957284834238,0.11155802934483579,0.10973793929574416,0.07183480493283471,0.08886266431797706,0.10081607113688283,0.10448105713666132,0.05228680161875059,0.08572940413754525,0.07128095837792126,0.06834861612549419,0.0287937299481111,0.06524857784173757,0.050543194104284726,0.05622954374040196,0.0,0.040917708835757655,0.02977978542627297,0.039470832989439895,0.15993199753239537,0.14921318685539395,0.11492163676161547,0.09704901622742299,0.08576275517626034,0.05701424763108009,0.05599674360443674,0.06734564132015058,0.07456639162479982,0.0385421266378376,0.04905859300076982,0.04816144043820666,0.06683224382609892,0.027529149241478274,0.02654180194143427,0.043269979576598845,0.0724733226334837,0.040917708835757655,0.0,0.03567075342523132,0.06526404624304144,0.12503035984136832,0.1138472533674874,0.08671832420388188,0.08456533372233574,0.08398445795101407,0.05141760588191479,0.07237000816700485,0.08077770550654344,0.08059852503480827,0.03606060666775377,0.07179120446119527,0.04598041901368773,0.040446946003097846,0.0224225770128578,0.052600899206379906,0.021788972934135058,0.03729096145687191,0.02977978542627297,0.03567075342523132,0.0,0.03084689441542419,0.09496992593853963,0.08797241975411212,0.07909723398050193,0.09570765673620273,0.10318493533899442,0.0707155843550499,0.10000774872282438,0.10754844938454855,0.10447278615509187,0.059587929483099114,0.10128943183976928,0.07004648347080315,0.04613261155476856,0.046816717721865124,0.083226414592308,0.04272971629983932,0.02119414545184771,0.039470832989439895,0.06526404624304144,0.03084689441542419,0.0,Z
0.0,0.04180980351170801,0.11073106775927342,0.16819386186045682,0.1834847512161525,0.16469253690261415,0.20495445309549734,0.16186595311168972,0.12850618599203412,0.16107262159289804,0.21243307414786583,0.14898375215027468,0.11218930681526997,0.15180017950676575,0.19456011732597553,0.12466829059458545,0.08854709301753963,0.13862448796843166,0.1769862410085241,0.1289621011976706,0.09886209774133496,0.04180980351170801,0.0,0.07470168660986617,0.13764633213003932,0.1585590224130646,0.14414060913996973,0.18137276954528456,0.13405992315725376,0.09918468121724115,0.1458917436194353,0.19274118198618317,0.12535159642001514,0.0895680780170756,0.1428442443111361,0.178129054580958,0.10627440643250684,0.07597354423204092,0.1387638881976945,0.16684353519199965,0.11896159408479252,0.09504342836699692,0.11073106775927342,0.07470168660986617,0.0,0.0666364337148077,0.09543408257714261,0.08863152659041373,0.1182998924293029,0.06888925410280902,0.03873481473306922,0.10084288897088248,0.13558572057888896,0.07037597220841721,0.050931617820571456,0.11129595057130835,0.12922690358869623,0.06920526250224383,0.06720866930192129,0.12646481643618968,0.13094290118365315,0.09326745616292768,0.08943261621936002,0.16819386186045682,0.13764633213003932,0.0666364337148077,0.0,0.03685235754471867,0.04672599058000794,0.0565268480066778,0.019246262959240958,0.04220391998790695,0.06880914849862937,0.07876392461732644,0.04065109064125618,0.0645588113175733,0.09180465721014422,0.08330037773978169,0.06658645650178564,0.09401521657826936,0.12206077116957796,0.1001920718197782,0.0879719596367162,0.10561331751114249,0.1834847512161525,0.1585590224130646,0.09543408257714261,0.03685235754471867,0.0,0.028629724054006173,0.023538234267549123,0.02712570293935203,0.0608449839547816,0.046609614813862076,0.04236087927111686,0.03577219148966888,0.07250416574755682,0.07127001008788274,0.0483048281512789,0.0639983406311125,0.09909213134768866,0.10517245526950517,0.0711437832774604,0.0764385597545751,0.10289340481797256,0.16469253690261415,0.14414060913996973,0.08863152659041373,0.04672599058000794,0.028629724054006173,0.0,0.04271880615306192,0.03449815519475971,0.05521885697889398,0.023745756754334553,0.05204985347929988,0.02901156310491317,0.058823881291271606,0.04985670098965704,0.048597077353744904,0.04837792478781719,0.08017175962043828,0.0841205242765528,0.05941305997322523,0.05594785952455289,0.08055814229410727,0.20495445309549734,0.18137276954528456,0.1182998924293029,0.0565268480066778,0.023538234267549123,0.04271880615306192,0.0,0.05039187043891234,0.0842967464165392,0.05583816582129077,0.025248267229727894,0.057699927654296865,0.09453759654857086,0.08009480719713119,0.04430022739573295,0.08387018624478931,0.11934259535533755,0.11511248165104698,0.07356222194290679,0.09133945023740209,0.12000854808387669,0.16186595311168972,0.13405992315725376,0.06888925410280902,0.019246262959240958,0.02712570293935203,0.03449815519475971,0.05039187043891234,0.0,0.03514692675454666,0.053580299783370124,0.06857838147557217,0.022438551246773297,0.05242061603567284,0.07498022068141941,0.06786827076684175,0.05051337073671567,0.08190284332816275,0.10479256728138603,0.08250823860986908,0.07101375510748247,0.09145126467730556,0.12850618599203412,0.09918468121724115,0.03873481473306922,0.04220391998790695,0.0608449839547816,0.05521885697889398,0.0842967464165392,0.03514692675454666,0.0,0.06674868147234216,0.09921479314204577,0.03227602636987582,0.0262909795698267,0.07915010457368236,0.09121061407774915,0.037745254850632494,0.055768776383372715,0.09962141334953364,0.09480717713791646,0.06412705203252732,0.07267939195977025,0.16107262159289804,0.1458917436194353,0.10084288897088248,0.06880914849862937,0.046609614813862076,0.023745756754334553,0.05583816582129077,0.053580299783370124,0.06674868147234216,0.0,0.05430929045344269,0.038756747590030845,0.060665522938015096,0.026969310020932013,0.040052678002159385,0.044662566229273455,0.07459134351139687,0.06243528233596152,0.03878240873662308,0.04016627780198227,0.0682727087862347,0.21243307414786583,0.19274118198618317,0.13558572057888896,0.07876392461732644,0.04236087927111686,0.05204985347929988,0.025248267229727894,0.06857838147557217,0.09921479314204577,0.05430929045344269,0.0,0.06852843285748575,0.10373678816559294,0.07313053690851841,0.027926470608506934,0.0892118283471002,0.12460610839994024,0.10637649388793534,0.059037186017289585,0.08964331355733951,0.12063751455748435,0.14898375215027468,0.12535159642001514,0.07037597220841721,0.04065109064125618,0.03577219148966888,0.02901156310491317,0.057699927654296865,0.022438551246773297,0.03227602636987582,0.038756747590030845,0.06852843285748575,0.0,0.03715562089399775,0.05524512687755374,0.05897559791553975,0.029528958899619956,0.06417254867113295,0.08291780716306675,0.06558560209286599,0.04888988455034939,0.07097536914527224,0.11218930681526997,0.0895680780170756,0.050931617820571456,0.0645588113175733,0.07250416574755682,0.058823881291271606,0.09453759654857086,0.05242061603567284,0.0262909795698267,0.060665522938015096,0.10373678816559294,0.03715562089399775,0.0,0.06406020138586234,0.08924428884555714,0.0194824157832118,0.03071336421120929,0.07737936531111358,0.08364928503103174,0.04351627171485723,0.0471126116657385,0.15180017950676575,0.1428442443111361,0.11129595057130835,0.09180465721014422,0.07127001008788274,0.04985670098965704,0.08009480719713119,0.07498022068141941,0.07915010457368236,0.026969310020932013,0.07313053690851841,0.05524512687755374,0.06406020138586234,0.0,0.0508932843134235,0.04586941207691622,0.06738022473491773,0.0358402862472468,0.029026601875355558,0.025597971225125877,0.05349111749147186,0.19456011732597553,0.178129054580958,0.12922690358869623,0.08330037773978169,0.0483048281512789,0.048597077353744904,0.04430022739573295,0.06786827076684175,0.09121061407774915,0.040052678002159385,0.027926470608506934,0.05897559791553975,0.08924428884555714,0.0508932843134235,0.0,0.07194842572448946,0.10614243616249612,0.08119584247725621,0.03246027693653264,0.06759339301800256,0.09961104126839183,0.12466829059458545,0.10627440643250684,0.06920526250224383,0.06658645650178564,0.0639983406311125,0.04837792478781719,0.08387018624478931,0.05051337073671567,0.037745254850632494,0.044662566229273455,0.0892118283471002,0.029528958899619956,0.0194824157832118,0.04586941207691622,0.07194842572448946,0.0,0.03689202559861483,0.06222661586450941,0.06422571702654485,0.026947037286248622,0.04280877439571365,0.08854709301753963,0.07597354423204092,0.06720866930192129,0.09401521657826936,0.09909213134768866,0.08017175962043828,0.11934259535533755,0.08190284332816275,0.055768776383372715,0.07459134351139687,0.12460610839994024,0.06417254867113295,0.03071336421120929,0.06738022473491773,0.10614243616249612,0.03689202559861483,0.0,0.06630045708668271,0.09127791931197796,0.043046657278081865,0.024458701257587853,0.13862448796843166,0.1387638881976945,0.12646481643618968,0.12206077116957796,0.10517245526950517,0.0841205242765528,0.11511248165104698,0.10479256728138603,0.09962141334953364,0.06243528233596152,0.10637649388793534,0.08291780716306675,0.07737936531111358,0.0358402862472468,0.08119584247725621,0.06222661586450941,0.06630045708668271,0.0,0.05090961340536663,0.03565440688930116,0.04445490240511,0.1769862410085241,0.16684353519199965,0.13094290118365315,0.1001920718197782,0.0711437832774604,0.05941305997322523,0.07356222194290679,0.08250823860986908,0.09480717713791646,0.03878240873662308,0.059037186017289585,0.06558560209286599,0.08364928503103174,0.029026601875355558,0.03246027693653264,0.06422571702654485,0.09127791931197796,0.05090961340536663,0.0,0.04853058547071586,0.07871943377743865,0.1289621011976706,0.11896159408479252,0.09326745616292768,0.0879719596367162,0.0764385597545751,0.05594785952455289,0.09133945023740209,0.07101375510748247,0.06412705203252732,0.04016627780198227,0.08964331355733951,0.04888988455034939,0.04351627171485723,0.025597971225125877,0.06759339301800256,0.026947037286248622,0.043046657278081865,0.03565440688930116,0.04853058547071586,0.0,0.03216079322707942,0.09886209774133496,0.09504342836699692,0.08943261621936002,0.10561331751114249,0.10289340481797256,0.08055814229410727,0.12000854808387669,0.09145126467730556,0.07267939195977025,0.0682727087862347,0.12063751455748435,0.07097536914527224,0.0471126116657385,0.05349111749147186,0.09961104126839183,0.04280877439571365,0.024458701257587853,0.04445490240511,0.07871943377743865,0.03216079322707942,0.0,Z
0.0,0.04526607314832744,0.119415593668493,0.18165010385539174,0.19854201789445713,0.17655666764783604,0.22414454838624517,0.1757344997324238,0.13995592382708202,0.1736036354943627,0.22841638499527317,0.1588172230335766,0.1216465869463369,0.16550203130663776,0.21221209499352253,0.13819014363991516,0.10223776580787529,0.15309275825873325,0.19455794979514507,0.1442658824747749,0.11326165984057354,0.04526607314832744,0.0,0.07850200262096373,0.14473456496156445,0.1667140586222651,0.14977339893670888,0.19431826577155328,0.14191698438934816,0.10486686098690974,0.15145673444607818,0.2014197430199551,0.1282011588395878,0.09285604259434467,0.1489993561203819,0.18808908364138752,0.11221992647952103,0.08217905049321875,0.1452399007822291,0.17603063312123354,0.12555653427646332,0.10079665170339885,0.119415593668493,0.07850200262096373,0.0,0.06879560030113878,0.09804875425303432,0.09033278514084238,0.12671394830294716,0.07207616516675255,0.03942077295779511,0.10144643057383237,0.13847386874411868,0.06783150034783499,0.05085852473178955,0.11160865916718435,0.1325660543643593,0.06820277483563958,0.06677835548381034,0.12653158761456318,0.13237562942110703,0.09159209094127696,0.08808746380997805,0.18165010385539174,0.14473456496156445,0.06879560030113878,0.0,0.03822313454115263,0.05191736133419172,0.06437379109034548,0.02201808515408294,0.04424046345134143,0.0720129234226064,0.08072173039554989,0.042777184248112034,0.06980719683203863,0.09398624929126757,0.0853611364858088,0.0675267641836464,0.09605902112794323,0.12365581357393987,0.10031909667129905,0.08684621457626637,0.10645130883787697,0.19854201789445713,0.1667140586222651,0.09804875425303432,0.03822313454115263,0.0,0.034278818716301604,0.029335493495681177,0.026240486567699953,0.06270482043067303,0.05038237754801823,0.04297474197178665,0.04084946342108209,0.07815470684816742,0.07329262231633057,0.04873989316036967,0.06563170668254145,0.10125427516114086,0.10619149928463496,0.06949353101670809,0.0751512062318296,0.10374225801967785,0.17655666764783604,0.14977339893670888,0.09033278514084238,0.05191736133419172,0.034278818716301604,0.0,0.05010402576201012,0.035805545279830965,0.05592512963650974,0.021800958511450284,0.05550937545432548,0.033113726539995565,0.061600059218936895,0.0469121155401976,0.051386892398150884,0.04818882218607071,0.07883807326065341,0.0805442105403633,0.057156572345795846,0.051334893411381165,0.07726536318729285,0.22414454838624517,0.19431826577155328,0.12671394830294716,0.06437379109034548,0.029335493495681177,0.05010402576201012,0.0,0.055472301319482664,0.09145068474858327,0.06053676680520732,0.020006191106092475,0.06742350383354984,0.1042222252230924,0.08221978233041129,0.04111104470943795,0.0891963725267156,0.12480801149167298,0.11591958040877216,0.06950928961172939,0.09213372028817365,0.12315835736485461,0.1757344997324238,0.14191698438934816,0.07207616516675255,0.02201808515408294,0.026240486567699953,0.035805545279830965,0.055472301319482664,0.0,0.037258575187940124,0.053209584963584716,0.06786543685776718,0.023147704669674852,0.057005631935598565,0.07377427753005336,0.06702149635884976,0.049653186997280364,0.08256749246694339,0.10326976077282213,0.07926224925470512,0.06693882938620913,0.09004562399502859,0.13995592382708202,0.10486686098690974,0.03942077295779511,0.04424046345134143,0.06270482043067303,0.05592512963650974,0.09145068474858327,0.037258575187940124,0.0,0.06654188967637342,0.1011866668223291,0.028714175276751953,0.028125500139336543,0.07850281457777439,0.09356421842871615,0.03548532387036291,0.05481114081759149,0.09861070064737587,0.0947505828758738,0.06052378071674917,0.0702054229219755,0.1736036354943627,0.15145673444607818,0.10144643057383237,0.0720129234226064,0.05038237754801823,0.021800958511450284,0.06053676680520732,0.053209584963584716,0.06654188967637342,0.0,0.058594020102456595,0.042176716050342095,0.06295361544288174,0.025807798969392226,0.045727750657165465,0.0459726205754726,0.07388358675406102,0.06043650993650821,0.04004585805529224,0.03777619031537366,0.06621884793102621,0.22841638499527317,0.2014197430199551,0.13847386874411868,0.08072173039554989,0.04297474197178665,0.05550937545432548,0.020006191106092475,0.06786543685776718,0.1011866668223291,0.058594020102456595,0.0,0.0742987382607727,0.10932890211024103,0.07579319439048415,0.026992001088578844,0.0918755838082382,0.12708494669867393,0.10761314964020159,0.05669543076659998,0.0896161988762106,0.12206476291870677,0.1588172230335766,0.1282011588395878,0.06783150034783499,0.042777184248112034,0.04084946342108209,0.033113726539995565,0.06742350383354984,0.023147704669674852,0.028714175276751953,0.042176716050342095,0.0742987382607727,0.0,0.03751224349496142,0.05682218865232143,0.06490354152779891,0.02668022083183463,0.06148512236146919,0.08268793645419686,0.06768740736113225,0.04507722053022783,0.06779460903829992,0.1216465869463369,0.09285604259434467,0.05085852473178955,0.06980719683203863,0.07815470684816742,0.061600059218936895,0.1042222252230924,0.057005631935598565,0.028125500139336543,0.06295361544288174,0.10932890211024103,0.03751224349496142,0.0,0.06543813105087105,0.09546437612886462,0.020407910695904443,0.027378897653743,0.0770595175286513,0.08728699196281986,0.042100548775930655,0.04347626833082816,0.16550203130663776,0.1489993561203819,0.11160865916718435,0.09398624929126757,0.07329262231633057,0.0469121155401976,0.08221978233041129,0.07377427753005336,0.07850281457777439,0.025807798969392226,0.07579319439048415,0.05682218865232143,0.06543813105087105,0.0,0.05565735220158488,0.04792557944291059,0.06747506148155107,0.034979519280425454,0.03346746571501253,0.026286563710957108,0.052831669452572894,0.21221209499352253,0.18808908364138752,0.1325660543643593,0.0853611364858088,0.04873989316036967,0.051386892398150884,0.04111104470943795,0.06702149635884976,0.09356421842871615,0.045727750657165465,0.026992001088578844,0.06490354152779891,0.09546437612886462,0.05565735220158488,0.0,0.0759867527051364,0.11001354253221045,0.08420484473897404,0.031310584909109325,0.06942479088645757,0.10269012246387829,0.13819014363991516,0.11221992647952103,0.06820277483563958,0.0675267641836464,0.06563170668254145,0.04818882218607071,0.0891963725267156,0.049653186997280364,0.03548532387036291,0.0459726205754726,0.0918755838082382,0.02668022083183463,0.020407910695904443,0.04792557944291059,0.0759867527051364,0.0,0.0372896427768564,0.06386478713161416,0.06705739495828773,0.025916685862913128,0.04257247860328459,0.10223776580787529,0.08217905049321875,0.06677835548381034,0.09605902112794323,0.10125427516114086,0.07883807326065341,0.12480801149167298,0.08256749246694339,0.05481114081759149,0.07388358675406102,0.12708494669867393,0.06148512236146919,0.027378897653743,0.06747506148155107,0.11001354253221045,0.0372896427768564,0.0,0.06680652566325285,0.09440378343506896,0.043601287964050474,0.023526849340991206,0.15309275825873325,0.1452399007822291,0.12653158761456318,0.12365581357393987,0.10619149928463496,0.0805442105403633,0.11591958040877216,0.10326976077282213,0.09861070064737587,0.06043650993650821,0.10761314964020159,0.08268793645419686,0.0770595175286513,0.034979519280425454,0.08420484473897404,0.06386478713161416,0.06680652566325285,0.0,0.05483639333514387,0.038499983628616,0.04514892584922668,0.19455794979514507,0.17603063312123354,0.13237562942110703,0.10031909667129905,0.06949353101670809,0.057156572345795846,0.06950928961172939,0.07926224925470512,0.0947505828758738,0.04004585805529224,0.05669543076659998,0.06768740736113225,0.08728699196281986,0.03346746571501253,0.031310584909109325,0.06705739495828773,0.09440378343506896,0.05483639333514387,0.0,0.05089328422735332,0.08187041147727993,0.1442658824747749,0.12555653427646332,0.09159209094127696,0.08684621457626637,0.0751512062318296,0.051334893411381165,0.09213372028817365,0.06693882938620913,0.06052378071674917,0.03777619031537366,0.0896161988762106,0.04507722053022783,0.042100548775930655,0.026286563710957108,0.06942479088645757,0.025916685862913128,0.043601287964050474,0.038499983628616,0.05089328422735332,0.0,0.033480154291055254,0.11326165984057354,0.10079665170339885,0.08808746380997805,0.10645130883787697,0.10374225801967785,0.07726536318729285,0.12315835736485461,0.09004562399502859,0.0702054229219755,0.06621884793102621,0.12206476291870677,0.06779460903829992,0.04347626833082816,0.052831669452572894,0.10269012246387829,0.04257247860328459,0.023526849340991206,0.04514892584922668,0.08187041147727993,0.033480154291055254,0.0,Z
